
       1	   1	 223	   3	  26	 139	 109	 163	  81	 199	 151	 187	 115	 150	 101
       1	   1	 226	   3	  29	 135	 112	 164	  81	 197	 151	 187	 114	 150	 102
       1	   1	 231	   2	  34	 128	 117	 165	  84	 192	 153	 188	 116	 148	 106
       1	   1	 227	   3	  31	 134	 115	 165	  85	 196	 153	 188	 114	 148	 101
       1	   1	 212	   4	  13	 156	  95	 148	  69	 202	 142	 194	 121	 158	 115
       1	   1	 202	   5	   9	 165	  89	 138	  62	 205	 140	 201	 122	 166	 123
       1	   1	 208	   4	  11	 160	  93	 147	  67	 204	 143	 195	 121	 158	 111
       1	   1	 206	   5	  15	 156	  92	 150	  68	 200	 143	 191	 124	 161	 123
       1	   1	 209	   4	  16	 153	  97	 150	  69	 201	 146	 194	 120	 161	 119
       1	   1	 235	   3	  44	 118	 126	 167	  93	 177	 155	 181	 115	 135	  91
       1	   1	 231	   3	  37	 125	 120	 167	  90	 181	 155	 183	 119	 136	  92
       1	   1	 231	   3	  41	 120	 120	 169	  89	 179	 157	 183	 123	 138	 100
       1	   1	 233	   3	  45	 117	 126	 171	  95	 177	 160	 182	 118	 134	  87
       1	   1	 225	   3	  32	 132	 115	 168	  86	 195	 157	 189	 117	 146	  97
       1	   1	 218	   3	  22	 142	 103	 162	  77	 198	 153	 191	 124	 152	 111
       1	   1	 218	   3	  22	 143	 106	 162	  79	 198	 155	 193	 122	 150	 103
       1	   1	 222	   2	  25	 138	 107	 163	  78	 198	 153	 191	 120	 151	 107
       1	   1	 225	   3	  31	 132	 113	 168	  84	 194	 158	 189	 119	 147	 100
       1	   1	 228	   4	  29	 140	 113	 158	  83	 198	 144	 191	 112	 149	 104
       1	   1	 214	   7	  31	 145	 109	 161	  86	 195	 147	 187	 116	 153	 112
       1	   1	 221	   5	  23	 148	 110	 157	  84	 202	 149	 195	 113	 148	  96
       1	   1	 220	   4	  19	 150	 105	 153	  78	 201	 145	 195	 115	 151	 102
       1	   1	 212	   4	  16	 153	  98	 149	  70	 203	 145	 197	 120	 161	 118
       1	   1	 205	   5	  12	 162	  94	 133	  65	 206	 146	 205	 122	 168	 133
       1	   1	 205	   5	  10	 161	  91	 146	  66	 204	 143	 194	 122	 159	 112
       1	   1	 212	   3	  16	 151	  97	 155	  71	 201	 148	 192	 121	 156	 110
       1	   1	 222	   2	  27	 134	 108	 167	  80	 197	 156	 188	 121	 151	 107
       1	   1	 232	   8	  46	 130	 131	 165	 103	 181	 152	 185	 111	 132	  78
       1	   1	 228	   7	  41	 134	 126	 165	 101	 182	 155	 188	 114	 132	  79
       1	   1	 222	   5	  25	 146	 113	 159	  87	 200	 151	 194	 111	 146	  90
       1	   1	 213	   4	  14	 155	  98	 150	  71	 204	 144	 196	 119	 156	 110
       1	   1	 209	   4	  12	 158	  93	 148	  68	 204	 145	 196	 122	 158	 114
       1	   1	 209	   5	  15	 156	  97	 149	  71	 205	 148	 200	 121	 161	 116
       1	   1	 212	   4	  19	 151	 102	 152	  74	 203	 151	 199	 119	 159	 113
       1	   1	 216	   3	  18	 147	 100	 156	  73	 201	 148	 192	 122	 155	 113
       1	   1	 221	   2	  24	 139	 105	 162	  77	 199	 152	 191	 122	 153	 112
       1	   1	 230	   7	  38	 136	 125	 161	  97	 185	 149	 187	 109	 135	  79
       1	   1	 221	   6	  22	 153	 111	 152	  85	 202	 146	 197	 110	 149	  93
       1	   1	 214	   6	  16	 160	 104	 148	  79	 203	 144	 197	 112	 151	  96
       1	   1	 205	   6	   8	 169	  92	 137	  66	 204	 138	 199	 118	 158	 107
       1	   1	 205	   6	  10	 166	  93	 138	  66	 205	 141	 204	 120	 163	 118
       1	   1	 213	   5	  17	 154	 102	 155	  78	 203	 150	 195	 117	 151	  99
       1	   1	 219	   4	  21	 146	 106	 159	  79	 201	 152	 194	 118	 151	 101
       1	   1	 220	   3	  25	 140	 108	 164	  80	 199	 154	 189	 118	 150	 101
       1	   1	 223	   2	  28	 134	 110	 166	  80	 196	 156	 188	 119	 150	 105
       1	   1	 209	   6	  14	 162	 100	 148	  76	 205	 146	 198	 116	 152	  97
       1	   1	 211	   5	  12	 160	  96	 146	  70	 204	 141	 197	 119	 157	 111
       1	   1	 211	   5	  14	 159	  98	 147	  72	 204	 142	 195	 115	 157	 106
       1	   1	 214	   4	  14	 155	  97	 149	  71	 203	 143	 196	 120	 157	 112
       1	   1	 210	   4	  13	 156	  94	 150	  68	 204	 145	 194	 120	 159	 113
       1	   1	 207	   5	  10	 161	  92	 146	  67	 204	 143	 196	 121	 158	 112
       1	   1	 205	   5	  15	 159	  93	 148	  69	 201	 142	 194	 123	 160	 122
       1	   1	 212	   4	  25	 143	 100	 161	  74	 196	 148	 185	 123	 159	 124
       1	   1	 228	   1	  36	 121	 114	 169	  82	 180	 156	 178	 122	 142	 105
       1	   1	 220	   3	  20	 146	 103	 155	  74	 202	 144	 190	 115	 154	 108
       1	   1	 226	   3	  31	 133	 114	 165	  84	 195	 153	 187	 114	 149	 102
       1	   1	 223	   4	  25	 142	 109	 160	  81	 199	 149	 190	 114	 150	 101
       1	   1	 221	   2	  23	 140	 105	 158	  76	 189	 148	 185	 121	 146	 104
       1	   1	 212	   3	  16	 149	  95	 155	  67	 201	 147	 189	 122	 158	 117
       1	   1	 208	   4	  18	 150	  93	 155	  66	 199	 144	 186	 125	 163	 130
       1	   1	 216	   2	  29	 130	 106	 170	  78	 172	 154	 171	 129	 142	 116
       1	   1	 218	   1	  33	 123	 109	 174	  79	 169	 158	 169	 131	 142	 118
       1	   1	 221	   1	  38	 115	 112	 177	  80	 165	 161	 168	 133	 142	 121
       1	   1	 218	   2	  18	 146	  98	 154	  66	 201	 140	 183	 116	 160	 116
       1	   1	 216	   3	  17	 150	  99	 152	  69	 201	 140	 186	 113	 158	 110
       1	   1	 215	   3	  14	 154	  96	 148	  66	 202	 138	 189	 115	 159	 113
       1	   1	 201	   5	  13	 160	  85	 144	  58	 200	 135	 185	 122	 169	 135
       1	   1	 191	   6	   7	 170	  78	 133	  50	 200	 129	 183	 119	 174	 133
       1	   1	 189	   7	  11	 167	  77	 137	  50	 198	 128	 178	 121	 177	 145
       1	   1	 199	   5	  16	 155	  84	 147	  56	 197	 134	 176	 121	 174	 143
       1	   1	 207	   3	  15	 150	  89	 153	  58	 200	 139	 178	 120	 168	 130
       1	   1	 207	   4	  26	 140	  93	 161	  65	 193	 143	 172	 122	 169	 140
       1	   1	 208	   4	  17	 152	  88	 149	  58	 200	 131	 176	 117	 170	 133
       1	   1	 210	   3	  13	 155	  91	 146	  60	 202	 132	 180	 113	 165	 120
       1	   1	 207	   4	  14	 157	  88	 144	  58	 200	 131	 183	 118	 168	 131
       1	   1	 202	   5	  12	 160	  84	 143	  56	 202	 132	 183	 121	 170	 135
       1	   1	 194	   6	   8	 169	  80	 134	  52	 200	 128	 185	 122	 173	 137
       1	   1	 194	   6	   9	 168	  80	 135	  53	 200	 128	 184	 122	 173	 138
       1	   1	 203	   4	  14	 157	  85	 145	  57	 200	 133	 181	 121	 170	 136
       1	   1	 220	   1	  24	 135	 100	 159	  68	 186	 144	 174	 121	 152	 114
       1	   1	 221	   2	  33	 127	 104	 166	  71	 191	 147	 175	 120	 161	 130
       1	   1	 200	   5	  16	 155	  83	 143	  53	 188	 124	 165	 117	 168	 135
       1	   1	 202	   4	  12	 158	  84	 139	  52	 190	 125	 170	 116	 164	 123
       1	   1	 200	   5	  14	 160	  83	 142	  53	 199	 127	 176	 117	 175	 139
       1	   1	 203	   4	  10	 161	  85	 143	  56	 204	 132	 182	 117	 168	 125
       1	   1	 198	   6	  10	 167	  84	 138	  57	 202	 131	 187	 121	 169	 130
       1	   1	 197	   7	   9	 169	  83	 135	  57	 200	 130	 188	 121	 168	 129
       1	   1	 208	   4	  11	 158	  89	 145	  60	 203	 134	 185	 117	 164	 119
       1	   1	 229	   1	  34	 123	 112	 165	  78	 181	 148	 174	 119	 144	 104
       1	   1	 230	   1	  48	 106	 123	 177	  86	 160	 156	 163	 125	 137	 112
       1	   1	 215	   5	  17	 155	  97	 143	  68	 192	 130	 183	 115	 152	 106
       1	   1	 224	   3	  24	 140	 103	 153	  70	 189	 135	 176	 114	 150	 107
       1	   1	 220	   2	  22	 141	 100	 155	  66	 199	 138	 178	 112	 161	 116
       1	   1	 206	   4	   9	 163	  88	 140	  58	 205	 132	 188	 115	 166	 118
       1	   1	 184	  11	   3	 188	  83	 104	  55	 201	 131	 211	 120	 172	 129
       1	   1	 192	   9	   3	 182	  84	 109	  53	 204	 129	 207	 119	 174	 136
       1	   1	 207	   4	  10	 162	  89	 142	  60	 204	 133	 187	 116	 164	 117
       1	   1	 208	   5	  15	 159	  92	 146	  66	 202	 135	 188	 118	 164	 124
       1	   1	 200	   7	   6	 172	  87	 134	  61	 204	 133	 194	 117	 162	 112
       1	   1	 242	  10	  51	 134	 138	 151	 102	 180	 129	 179	  90	 138	  83
       1	   1	 239	  13	  62	 129	 141	 152	 105	 174	 125	 173	  90	 140	  91
       1	   1	 245	  13	  67	 122	 144	 134	 104	 147	 118	 177	  90	 133	  88
       1	   1	 239	  10	  47	 138	 132	 148	  97	 182	 123	 175	  87	 140	  84
       1	   1	 222	   9	  25	 160	 111	 141	  82	 202	 123	 186	  94	 158	 105
       1	   1	 220	  10	  22	 167	 115	 125	  83	 204	 129	 199	  93	 160	 110
       1	   1	 218	   8	  20	 162	 105	 138	  76	 202	 124	 189	  98	 160	 109
       1	   1	 215	   9	  17	 169	 108	 124	  77	 206	 130	 200	  97	 163	 115
       1	   1	 210	  12	  16	 177	 107	 117	  78	 205	 127	 204	  99	 163	 116
       2	   3	 189	  15	 161	  17	 168	 101	  72	 106	 199	 174	 130	 182	 149
       2	   3	 208	   8	 133	  26	 154	 117	  65	 102	 182	 156	 132	 172	 157
       2	   3	 194	  13	 156	  15	 164	  98	  61	 106	 193	 163	 123	 186	 142
       2	   3	 192	  14	 159	  15	 163	  93	  55	 110	 187	 161	 120	 195	 141
       2	   3	 194	  15	 168	  10	 168	  83	  52	 112	 180	 167	 115	 197	 138
       2	   3	 184	  20	 184	   6	 172	  68	  45	 123	 177	 175	 109	 206	 124
       2	   3	 181	  21	 188	   4	 173	  64	  44	 126	 177	 178	 109	 207	 122
       2	   3	 179	  19	 178	   7	 169	  75	  47	 121	 187	 170	 113	 206	 125
       2	   3	 173	  22	 190	   3	 172	  63	  43	 130	 184	 178	 108	 209	 119
       2	   3	 171	  22	 193	   3	 179	  68	  58	 126	 200	 190	 118	 194	 120
       2	   3	 187	  16	 167	  11	 169	  89	  60	 111	 196	 170	 121	 193	 133
       2	   3	 186	  17	 173	   9	 171	  83	  57	 114	 192	 173	 118	 196	 131
       2	   3	 178	  19	 174	  13	 167	  84	  57	 115	 191	 168	 119	 200	 142
       2	   3	 175	  19	 179	   8	 167	  73	  45	 124	 185	 165	 108	 210	 127
       2	   3	 154	  26	 199	   6	 168	  54	  35	 146	 183	 176	 100	 220	 111
       2	   3	 136	  30	 203	  12	 165	  53	  33	 161	 184	 170	  89	 219	  92
       2	   3	 134	  28	 190	  19	 161	  72	  44	 146	 199	 157	  96	 218	 101
       2	   3	 143	  25	 181	  19	 158	  80	  47	 133	 199	 151	 102	 217	 115
       2	   3	 158	  27	 206	   2	 178	  52	  44	 147	 193	 197	 110	 209	 105
       2	   3	 175	  21	 187	   4	 173	  68	  48	 125	 190	 180	 115	 205	 124
       2	   3	 158	  25	 201	   3	 173	  52	  37	 145	 186	 184	 104	 215	 109
       2	   3	 139	  30	 209	   7	 171	  47	  35	 162	 188	 184	  93	 217	  97
       2	   3	 154	  24	 186	  13	 163	  71	  43	 134	 189	 162	 106	 218	 125
       2	   3	 145	  26	 193	  11	 164	  64	  40	 144	 194	 167	 100	 219	 108
       2	   3	 146	  25	 181	  21	 157	  79	  44	 134	 188	 149	 101	 219	 123
       2	   3	 126	  30	 195	  20	 160	  67	  42	 154	 199	 158	  91	 219	  97
       2	   3	 126	  30	 192	  22	 158	  71	  41	 151	 195	 151	  89	 220	 100
       2	   3	 148	  30	 214	   3	 179	  46	  41	 159	 192	 202	 106	 208	  97
       2	   3	 135	  31	 211	   8	 172	  49	  39	 165	 195	 189	  99	 211	  93
       2	   3	 102	  42	 227	  25	 162	  46	  29	 215	 166	 183	  85	 168	  78
       2	   3	  86	  47	 231	  39	 157	  57	  37	 235	 159	 184	  81	 139	  74
       2	   3	 141	  29	 206	   7	 168	  49	  31	 159	 183	 176	  94	 218	 101
       2	   3	 164	  19	 170	  16	 160	  87	  50	 121	 198	 154	 111	 213	 126
       2	   3	 164	  19	 171	  15	 159	  84	  47	 123	 195	 154	 109	 214	 126
       2	   3	 136	  28	 194	  15	 162	  65	  39	 149	 193	 160	  93	 219	 104
       2	   3	 117	  33	 199	  24	 158	  64	  39	 164	 192	 155	  84	 217	  92
       2	   3	 180	  19	 183	   5	 174	  74	  55	 119	 194	 180	 118	 197	 131
       2	   3	 146	  29	 210	   3	 174	  46	  35	 158	 186	 189	 100	 213	 102
       2	   3	 100	  45	 235	  26	 166	  39	  27	 228	 161	 203	  83	 177	  67
       2	   3	  86	  52	 237	  45	 160	  63	  40	 240	 144	 193	  85	 125	  72
       2	   3	 138	  32	 219	   5	 172	  35	  25	 177	 174	 191	  91	 214	  93
       2	   3	 196	  12	 150	  20	 161	 101	  60	 107	 187	 159	 122	 189	 141
       2	   3	 186	  15	 156	  18	 160	  96	  56	 112	 190	 158	 119	 199	 133
       2	   3	 149	  24	 183	  15	 163	  77	  48	 134	 201	 161	 105	 214	 108
       2	   3	 118	  33	 198	  24	 157	  69	  41	 162	 191	 155	  87	 210	  94
       2	   3	 220	   4	 109	  42	 148	 135	  71	  94	 172	 149	 138	 157	 163
       2	   3	 183	  25	 202	   3	 180	  51	  40	 138	 162	 192	 105	 203	 118
       2	   3	 159	  53	 246	  37	 182	  51	  34	 180	 102	 219	 111	 182	 115
       2	   3	 166	  51	 241	  38	 181	  48	  30	 171	  89	 207	  80	 203	 103
       2	   3	 159	  30	 217	   1	 175	  35	  23	 162	 159	 192	  97	 215	 109
       2	   3	 180	  17	 172	  10	 165	  80	  48	 118	 186	 162	 112	 207	 136
       2	   3	 202	  10	 144	  20	 159	 106	  61	 104	 186	 158	 126	 182	 151
       2	   3	 173	  15	 145	  32	 148	 113	  58	 110	 192	 140	 123	 202	 151
       2	   3	 139	  25	 181	  21	 157	  80	  45	 136	 197	 147	  98	 219	 114
       2	   3	 211	  10	 147	  19	 168	 110	  73	  90	 184	 166	 132	 169	 154
       2	   3	 229	  17	 166	  22	 182	  95	  73	  96	 140	 176	 124	 155	 152
       2	   3	 196	  50	 227	  49	 199	  74	  77	 128	 107	 214	  92	 176	 113
       2	   3	 223	  30	 198	  25	 189	  74	  59	 109	 105	 183	 114	 164	 148
       2	   3	 184	  20	 184	   6	 170	  64	  41	 126	 170	 171	 105	 209	 132
       2	   3	 184	  17	 174	   8	 169	  79	  53	 116	 187	 169	 114	 199	 136
       2	   3	 190	  15	 166	  11	 168	  88	  58	 111	 192	 170	 120	 194	 135
       2	   3	 177	  14	 149	  25	 154	 106	  58	 110	 198	 147	 120	 201	 138
       2	   3	 154	  21	 171	  19	 157	  89	  51	 124	 204	 151	 111	 215	 127
       2	   3	 228	   6	 123	  35	 161	 125	  76	  91	 165	 159	 131	 152	 155
       2	   3	 232	  10	 126	  43	 163	 133	  86	  87	 147	 159	 128	 144	 150
       2	   3	 239	  12	 141	  33	 175	 124	  87	  86	 147	 170	 127	 140	 133
       2	   3	 210	   7	 125	  33	 154	 123	  69	  91	 178	 147	 130	 171	 165
       2	   3	 183	  16	 160	  19	 162	  97	  61	 109	 192	 162	 121	 197	 149
       2	   3	 186	  15	 164	  13	 169	  93	  64	 110	 200	 171	 123	 192	 137
       2	   3	 199	  10	 143	  20	 160	 117	  70	  90	 194	 157	 138	 175	 164
       2	   3	 204	   5	 111	  42	 142	 142	  70	  93	 186	 140	 142	 164	 167
       2	   3	 195	   7	 114	  42	 142	 141	  71	  94	 194	 139	 141	 171	 165
      
       3	   5	 204	 108	 202	 202	 223	 131	 169	 174	 125	 197	 131	 120	 180
       3	   5	 200	 102	 199	 200	 228	 133	 178	 178	 131	 204	 127	 125	 195
       3	   5	 196	  99	 195	 199	 230	 132	 185	 177	 137	 210	 121	 133	 204
       3	   5	 198	 105	 199	 205	 226	 132	 177	 178	 134	 209	 126	 134	 208
       3	   5	 192	 116	 200	 216	 222	 135	 172	 184	 132	 192	 152	 113	 218
       3	   5	 197	 114	 186	 225	 240	 122	 185	 175	 149	 209	 120	 151	 235
       3	   5	 192	 108	 184	 221	 238	 125	 190	 173	 148	 208	 120	 151	 238
       3	   5	 197	 105	 177	 224	 247	 115	 198	 172	 148	 221	  95	 164	 232
       3	   5	 194	 104	 175	 225	 248	 113	 202	 169	 151	 222	  77	 172	 223
       3	   5	 192	 106	 175	 228	 249	 113	 203	 170	 156	 223	  79	 175	 224
       3	   5	 187	 111	 172	 235	 249	 113	 203	 170	 160	 218	 102	 163	 243
       3	   5	 184	 112	 170	 238	 250	 110	 205	 165	 165	 216	  99	 163	 236
       3	   5	 200	 113	 205	 206	 219	 136	 165	 176	 129	 194	 152	 109	 186
       3	   5	 199	 117	 206	 209	 217	 137	 161	 180	 123	 186	 166	  97	 192
       3	   5	 201	 108	 199	 207	 227	 132	 175	 178	 135	 204	 132	 127	 194
       3	   5	 198	 107	 198	 207	 228	 134	 180	 178	 141	 205	 130	 128	 196
       3	   5	 197	 113	 201	 210	 222	 137	 171	 181	 136	 197	 148	 117	 200
       3	   5	 197	 114	 199	 214	 224	 135	 173	 182	 136	 194	 148	 119	 202
       3	   5	 202	 116	 191	 223	 231	 127	 178	 182	 141	 204	 127	 139	 208
       3	   5	 201	 112	 189	 221	 233	 126	 183	 183	 140	 204	 124	 139	 208
       3	   5	 197	 105	 192	 212	 235	 129	 190	 179	 143	 209	 120	 136	 205
       3	   5	 197	 100	 183	 214	 240	 124	 200	 176	 151	 220	 100	 150	 204
       3	   5	 195	 103	 176	 223	 249	 115	 204	 170	 154	 226	  96	 164	 235
       3	   5	 192	 107	 175	 228	 247	 113	 202	 168	 156	 226	  95	 168	 239
       3	   5	 199	 101	 195	 205	 232	 130	 184	 180	 133	 208	 122	 131	 200
       3	   5	 200	 103	 195	 206	 232	 131	 183	 180	 134	 203	 123	 126	 189
       3	   5	 199	 102	 197	 202	 228	 130	 179	 178	 130	 209	 122	 132	 202
       3	   5	 194	 105	 200	 204	 227	 135	 178	 181	 130	 201	 141	 117	 205
       3	   5	 190	 110	 207	 203	 218	 139	 167	 182	 123	 195	 161	 105	 212
       3	   5	 194	 118	 203	 214	 218	 138	 164	 184	 128	 185	 162	 105	 204
       3	   5	 202	 127	 189	 231	 225	 128	 164	 188	 140	 179	 162	 119	 195
       3	   5	 200	 126	 179	 238	 240	 116	 173	 181	 149	 192	 140	 150	 225
       3	   5	 192	 117	 179	 235	 245	 116	 191	 175	 156	 212	 115	 161	 242
       3	   5	 188	 102	 175	 223	 247	 111	 208	 157	 157	 229	  88	 163	 226
       3	   5	 179	 101	 177	 218	 239	 110	 209	 145	 157	 235	  74	 168	 219
       3	   5	 185	 102	 176	 222	 247	 116	 211	 163	 162	 230	  79	 171	 228
       3	   5	 188	 102	 213	 184	 215	 144	 163	 176	 128	 198	 172	 103	 188
       3	   5	 186	 104	 212	 190	 216	 144	 168	 179	 127	 199	 166	 101	 204
       3	   5	 187	 105	 207	 197	 220	 140	 172	 181	 127	 199	 155	 107	 212
       3	   5	 197	 113	 201	 211	 223	 136	 170	 182	 132	 190	 161	 110	 190
       3	   5	 203	 112	 201	 208	 224	 133	 166	 182	 130	 192	 165	 117	 179
       3	   5	 198	 113	 204	 208	 219	 138	 164	 181	 130	 189	 174	 115	 186
       3	   5	 198	 122	 201	 218	 217	 137	 159	 184	 130	 177	 185	 107	 188
       3	   5	 202	 121	 195	 223	 225	 131	 167	 184	 136	 190	 145	 121	 200
       3	   5	 198	 110	 191	 218	 234	 127	 185	 181	 141	 205	 121	 139	 209
       3	   5	 201	 105	 179	 221	 246	 117	 196	 172	 150	 219	 100	 162	 226
       3	   5	 191	  97	 172	 217	 246	 114	 208	 163	 157	 228	  62	 183	 200
       3	   5	 197	  86	 163	 208	 245	 105	 213	 147	 161	 238	  51	 190	 165
       3	   5	 191	  97	 203	 191	 228	 139	 184	 175	 142	 211	 133	 123	 194
       3	   5	 190	  95	 201	 189	 229	 137	 185	 174	 142	 214	 127	 129	 200
       3	   5	 199	  92	 195	 189	 233	 133	 189	 172	 144	 216	 113	 134	 183
       3	   5	 198	  95	 191	 198	 236	 130	 193	 175	 144	 219	 107	 142	 193
       3	   5	 200	  96	 188	 202	 238	 128	 195	 176	 145	 217	 106	 141	 190
       3	   5	 202	  95	 187	 201	 237	 129	 194	 176	 142	 213	 107	 137	 185
       3	   5	 197	 102	 192	 208	 234	 131	 189	 180	 140	 210	 121	 133	 202
       3	   5	 195	 105	 192	 212	 234	 131	 189	 180	 144	 210	 123	 134	 205
       3	   5	 192	 110	 193	 216	 231	 133	 186	 182	 144	 203	 136	 127	 212
       3	   5	 199	 105	 184	 218	 238	 122	 192	 177	 148	 219	  97	 154	 203
       3	   5	 197	 104	 178	 221	 246	 116	 199	 170	 154	 225	  96	 166	 228
       3	   5	 191	 101	 174	 223	 249	 113	 209	 168	 157	 227	  75	 174	 224
       3	   5	 191	 102	 188	 214	 238	 129	 199	 177	 151	 217	 115	 140	 214
       3	   5	 188	 107	 200	 206	 227	 138	 184	 178	 144	 207	 143	 122	 213
       3	   5	 193	  99	 200	 196	 229	 138	 185	 175	 143	 207	 131	 126	 192
       3	   5	 198	  94	 191	 196	 235	 131	 193	 174	 144	 218	 107	 140	 192
       3	   5	 199	  94	 180	 209	 241	 123	 201	 177	 145	 220	  95	 149	 202
       3	   5	 200	  97	 177	 216	 242	 120	 200	 178	 143	 218	  92	 151	 204
       3	   5	 199	 103	 177	 221	 247	 114	 197	 172	 145	 222	  93	 162	 228
       3	   5	 193	 105	 186	 217	 232	 127	 189	 179	 138	 208	 116	 141	 217
       3	   5	 203	 108	 186	 220	 237	 126	 186	 183	 137	 199	 119	 132	 196
       3	   5	 197	 107	 173	 228	 243	 113	 192	 173	 145	 214	  95	 170	 233
       3	   5	 194	 112	 169	 237	 250	 107	 198	 171	 154	 217	  77	 179	 225
       3	   5	 187	 109	 168	 236	 252	 108	 207	 168	 161	 221	  59	 186	 220
       3	   5	 180	 100	 174	 221	 242	 100	 214	 133	 154	 242	  64	 163	 205
       3	   5	 191	 105	 188	 215	 237	 133	 198	 180	 156	 214	 123	 136	 209
       3	   5	 187	 106	 202	 203	 226	 140	 184	 178	 147	 209	 146	 120	 209
       3	   5	 191	  99	 195	 202	 233	 135	 193	 176	 147	 214	 120	 133	 203
       3	   5	 195	  95	 179	 210	 247	 119	 206	 168	 153	 230	  94	 159	 229
       3	   5	 183	 102	 176	 222	 247	 115	 211	 162	 159	 228	  60	 176	 214
       3	   5	 188	 105	 166	 235	 252	 106	 211	 163	 162	 226	  84	 168	 228
       3	   5	 193	 106	 171	 231	 251	 113	 204	 173	 158	 222	  97	 166	 237
       3	   5	 196	 106	 188	 217	 237	 128	 192	 181	 144	 207	 116	 137	 206
       3	   5	 200	 110	 186	 222	 236	 124	 187	 182	 140	 206	 115	 141	 210
       3	   5	 194	 111	 176	 230	 246	 113	 195	 170	 152	 214	  68	 179	 207
       3	   5	 194	 107	 172	 230	 248	 107	 199	 166	 150	 223	  70	 177	 220
       4	   7	 180	  12	   2	 191	  83	 104	  59	 195	 138	 214	 128	 162	 118
       4	   7	 164	  20	  11	 202	  91	  71	  70	 161	 135	 238	 134	 155	 126
       4	   7	 163	  23	  15	 205	 101	  86	  84	 179	 145	 235	 122	 158	 111
       4	   7	 141	  27	  18	 211	  96	  49	  76	 127	 138	 242	 142	 143	 118
       4	   7	 119	  31	  22	 218	  87	  30	  67	  97	 133	 232	 155	 134	 116
       4	   7	 113	  32	  24	 218	  86	  22	  67	  81	 131	 231	 161	 125	 111
       4	   7	  97	  37	  34	 218	  85	   9	  70	  41	 128	 215	 171	 103	  95
       4	   7	  93	  38	  35	 220	  86	  10	  71	  43	 130	 213	 167	 106	  93
       4	   7	  89	  39	  37	 219	  84	   4	  69	  27	 126	 206	 173	  98	  90
       4	   7	  86	  40	  39	 219	  85	   4	  71	  25	 128	 204	 173	  96	  87
       4	   7	 176	  13	   3	 193	  81	  90	  53	 191	 132	 226	 130	 172	 143
       4	   7	 173	  14	   2	 197	  83	  83	  55	 186	 132	 231	 132	 170	 140
       4	   7	 163	  18	   6	 202	  84	  73	  59	 170	 133	 234	 135	 162	 134
       4	   7	 187	  11	   5	 186	  89	 105	  62	 201	 139	 224	 124	 169	 132
       4	   7	 199	   8	   8	 175	  95	 121	  67	 205	 143	 214	 120	 165	 124
       4	   7	 193	   9	   5	 181	  91	 113	  64	 203	 140	 217	 121	 166	 125
       4	   7	 176	  12	   2	 193	  81	  96	  54	 196	 135	 223	 129	 173	 139
       4	   7	 169	  14	   4	 195	  77	  85	  50	 185	 127	 222	 133	 176	 155
       4	   7	 168	  15	   3	 199	  77	  83	  50	 187	 127	 223	 133	 176	 150
       4	   7	 157	  18	   3	 206	  75	  65	  47	 170	 123	 228	 137	 170	 146
       4	   7	 192	  10	   7	 180	  92	 111	  66	 201	 144	 228	 128	 169	 140
       4	   7	 211	   8	  19	 162	 112	 140	  89	 203	 158	 214	 115	 150	 103
       4	   7	 223	   5	  31	 139	 118	 163	  92	 198	 161	 202	 117	 147	 101
       4	   7	 236	   4	  79	  79	 152	 167	 106	 118	 176	 181	 139	 123	 120
       4	   7	 243	   8	  85	  83	 162	 168	 115	 128	 166	 182	 129	 120	 111
       4	   7	 243	  10	  69	 112	 152	 168	 116	 177	 159	 192	 105	 132	  81
       4	   7	 244	   9	  71	 105	 152	 167	 115	 165	 158	 186	 108	 125	  77
       4	   7	 247	  11	  89	  93	 163	 156	 118	 145	 154	 187	 108	 122	  76
       4	   7	 242	  11	  75	 108	 151	 164	 114	 165	 148	 183	 107	 131	  91
       4	   7	 238	   9	  53	 126	 142	 165	 112	 178	 153	 188	 104	 128	  74
       4	   7	 225	   3	  54	 105	 127	 184	  96	 166	 170	 178	 133	 141	 122
       4	   7	 213	   6	  25	 151	 112	 140	  82	 201	 159	 214	 119	 161	 126
       4	   7	 196	  10	  11	 177	  99	 119	  75	 203	 150	 227	 123	 164	 127
       4	   7	 205	   8	  13	 169	 103	 124	  75	 205	 149	 224	 120	 165	 131
       4	   7	 210	   9	  17	 167	 109	 126	  82	 204	 149	 224	 116	 162	 126
       4	   7	 212	   8	  18	 163	 110	 128	  81	 203	 150	 222	 117	 162	 128
       4	   7	 227	   4	  54	 109	 129	 181	  99	 166	 167	 180	 131	 138	 120
       4	   7	 236	   6	  99	  60	 160	 170	 105	 116	 177	 175	 143	 128	 132
       4	   7	 238	   8	 110	  56	 166	 163	 104	 112	 169	 174	 139	 128	 128
       4	   7	 239	   7	 102	  61	 161	 152	 103	  94	 165	 176	 141	 124	 128
       4	   7	 219	   5	  24	 149	 110	 153	  84	 201	 151	 205	 118	 154	 113
       4	   7	 212	   9	  20	 165	 111	 131	  85	 205	 149	 219	 115	 159	 121
       4	   7	 206	  12	  17	 175	 112	 123	  88	 204	 148	 222	 110	 157	 109
       4	   7	 221	  10	  30	 158	 123	 136	  95	 204	 148	 215	 107	 157	 116
       4	   7	 232	   7	  38	 138	 126	 161	  99	 196	 148	 196	 107	 144	  96
       4	   7	 239	   6	  48	 125	 134	 164	 103	 179	 151	 186	 109	 131	  82
       4	   7	 240	   9	  93	  77	 158	 165	 106	 125	 156	 174	 130	 130	 128
       4	   7	 239	  14	 142	  39	 180	 129	 100	  87	 154	 184	 132	 133	 128
       4	   7	 238	  17	 153	  34	 186	 122	  97	  87	 150	 184	 132	 131	 121
       4	   7	 227	  23	 180	  24	 192	  92	  82	  99	 142	 195	 129	 150	 141
       4	   7	 181	  14	   7	 192	  93	  96	  69	 192	 142	 234	 127	 163	 128
       4	   7	 192	  11	   9	 182	  99	 113	  75	 201	 148	 229	 123	 163	 124
       4	   7	 207	   6	  12	 163	  97	 147	  75	 204	 148	 202	 121	 152	 101
       4	   7	 207	   6	  13	 161	  96	 148	  73	 202	 146	 200	 123	 155	 108
       4	   7	 200	   7	  10	 169	  92	 133	  67	 204	 143	 212	 125	 165	 126
       4	   7	 208	   5	  14	 159	  97	 146	  71	 203	 146	 203	 124	 158	 116
       4	   7	 232	   2	  59	  96	 131	 173	  93	 142	 163	 171	 135	 129	 111
       4	   7	 238	   6	 105	  53	 161	 150	  99	  92	 169	 176	 142	 127	 128
       4	   7	 241	   6	  82	  79	 155	 172	 108	 129	 170	 178	 135	 123	 113
       4	   7	 238	   7	  57	 116	 140	 172	 107	 183	 160	 189	 111	 134	  82
       4	   7	 239	   7	  86	  82	 159	 180	 117	 147	 179	 186	 129	 125	 103
       4	   7	 240	   9	  98	  74	 169	 171	 120	 130	 178	 190	 133	 126	 120
       4	   7	 233	  10	 102	  70	 165	 172	 117	 126	 179	 186	 138	 131	 133
       4	   7	 238	   7	  97	  67	 162	 176	 113	 130	 179	 177	 133	 123	 106
       4	   7	 238	   8	 103	  61	 166	 168	 111	 115	 177	 180	 141	 126	 129
       4	   7	 237	  11	 122	  49	 176	 158	 112	 109	 177	 185	 141	 127	 127
       4	   7	 234	  14	 139	  40	 185	 144	 112	  95	 177	 189	 141	 125	 120
       4	   7	 233	  15	 145	  36	 186	 135	 110	  85	 174	 193	 144	 126	 124
       4	   7	 239	  12	 118	  59	 177	 163	 120	 113	 176	 188	 141	 121	 119
       4	   7	 243	  11	  91	  88	 168	 165	 123	 141	 173	 195	 125	 120	  93
       5	   9	 169	 158	 208	 128	  33	 184	  77	 115	 118	 223	  56	 150	 205
       5	   9	 169	 158	 208	 131	  34	 187	  72	 111	 130	 224	  49	 157	 193
       5	   9	 175	 161	 209	 133	  32	 183	  67	 112	 128	 223	  57	 164	 190
       5	   9	 167	 160	 204	 128	  29	 187	  73	 110	 136	 225	  32	 147	 198
       5	   9	 175	 159	 211	 139	  38	 186	  54	 105	 139	 225	  50	 172	 176
       5	   9	 183	 160	 216	 144	  43	 185	  38	 104	 136	 227	  56	 169	 167
       5	   9	 180	 160	 215	 142	  39	 187	  41	 103	 137	 226	  54	 168	 165
       5	   9	 180	 154	 222	 142	  48	 184	  42	 108	 116	 225	  74	 165	 187
       5	   9	 171	 149	 222	 139	  46	 190	  42	 105	 121	 227	  58	 160	 198
       5	   9	 165	 145	 223	 137	  47	 193	  44	 104	 122	 228	  59	 163	 205
       5	   9	 159	 144	 220	 131	  42	 195	  60	 108	 119	 227	  68	 174	 211
       5	   9	 164	 144	 223	 132	  47	 189	  58	 113	 106	 225	  79	 164	 215
       5	   9	 151	 138	 221	 132	  46	 203	  55	  97	 135	 227	  61	 185	 206
       5	   9	 169	 155	 214	 134	  38	 191	  61	 107	 132	 229	  55	 160	 193
       5	   9	 158	 147	 215	 131	  37	 197	  65	 105	 135	 230	  49	 165	 208
       5	   9	 158	 146	 217	 131	  39	 197	  63	 105	 133	 231	  52	 164	 210
       5	   9	 174	 151	 223	 139	  47	 188	  47	 108	 119	 228	  73	 168	 196
       5	   9	 166	 146	 223	 139	  48	 196	  44	 100	 137	 233	  64	 181	 186
       5	   9	 167	 135	 234	 140	  67	 194	  33	  98	 121	 227	 114	 214	 170
       5	   9	 170	 132	 237	 141	  77	 189	  29	 100	 114	 224	 124	 212	 167
       5	   9	 166	 142	 228	 139	  54	 195	  39	 101	 132	 235	  71	 181	 189
       5	   9	 162	 146	 219	 133	  42	 195	  58	 106	 128	 229	  55	 164	 205
       5	   9	 168	 148	 221	 136	  44	 193	  47	 104	 127	 230	  56	 162	 199
       5	   9	 159	 143	 221	 132	  45	 195	  59	 108	 122	 228	  73	 174	 206
       5	   9	 157	 141	 222	 132	  46	 195	  58	 107	 120	 228	  71	 175	 210
       5	   9	 159	 142	 222	 132	  45	 195	  56	 105	 126	 231	  60	 168	 213
       5	   9	 183	 148	 228	 149	  62	 186	  32	 102	 129	 227	 104	 212	 143
       5	   9	 164	 142	 226	 141	  53	 199	  39	  98	 142	 233	  77	 199	 172
       5	   9	 153	 137	 223	 131	  50	 199	  54	 101	 122	 226	  68	 170	 219
       5	   9	 163	 148	 218	 135	  40	 196	  53	 102	 136	 230	  55	 181	 188
       5	   9	 181	 156	 220	 144	  47	 187	  38	 102	 136	 230	  58	 174	 171
       5	   9	 175	 147	 226	 145	  55	 192	  34	  99	 139	 233	  79	 198	 162
       5	   9	 164	 131	 236	 138	  71	 193	  31	  99	 118	 226	 117	 215	 172
       5	   9	 160	 135	 231	 136	  60	 198	  36	  97	 125	 228	  80	 184	 196
       5	   9	 157	 141	 223	 131	  46	 196	  58	 108	 122	 230	  72	 172	 212
       5	   9	 153	 144	 216	 126	  40	 196	  73	 112	 117	 226	  65	 159	 220
       5	   9	 147	 140	 216	 125	  41	 198	  76	 111	 119	 226	  67	 161	 223
       5	   9	 157	 140	 223	 129	  48	 193	  62	 112	 110	 227	  81	 167	 219
       5	   9	 166	 143	 226	 137	  51	 193	  44	 104	 126	 231	  63	 165	 203
       5	   9	 175	 148	 225	 143	  51	 191	  36	 101	 132	 232	  66	 178	 178
       5	   9	 155	 140	 223	 135	  46	 202	  48	 100	 138	 233	  63	 183	 196
       5	   9	 151	 138	 222	 132	  45	 203	  54	 101	 137	 233	  63	 184	 202
       5	   9	 163	 139	 229	 139	  56	 196	  39	 101	 133	 234	  72	 183	 191
       5	   9	 165	 141	 228	 139	  56	 195	  41	 102	 134	 235	  73	 181	 191
       5	   9	 151	 137	 223	 132	  50	 203	  54	  98	 136	 230	  68	 184	 208
       5	   9	 139	 130	 223	 130	  53	 208	  59	  98	 138	 227	  71	 187	 215
       5	   9	 146	 131	 226	 128	  55	 202	  58	 104	 121	 227	  83	 180	 225
       5	   9	 152	 137	 223	 132	  50	 198	  60	 107	 125	 228	  76	 177	 212
       5	   9	 157	 142	 222	 132	  45	 196	  60	 108	 123	 229	  72	 174	 212
       5	   9	 163	 147	 218	 132	  40	 192	  61	 109	 120	 226	  69	 173	 204
       5	   9	 167	 142	 227	 140	  53	 194	  39	 101	 132	 233	  69	 183	 187
       5	   9	 188	 143	 233	 155	  81	 180	  33	 106	 121	 220	 147	 231	 120
       5	   9	 154	 142	 218	 131	  42	 198	  62	 105	 131	 230	  53	 167	 215
       5	   9	 161	 145	 220	 133	  44	 194	  61	 108	 124	 228	  69	 173	 207
       5	   9	 174	 149	 223	 145	  52	 193	  37	  98	 144	 231	  72	 199	 159
       5	   9	 196	 147	 231	 161	  84	 175	  33	 108	 122	 216	 149	 230	 105
       5	   9	 185	 149	 227	 154	  68	 185	  34	 104	 134	 225	 126	 219	 126
       5	   9	 180	 148	 227	 148	  61	 188	  36	 103	 133	 229	 104	 212	 145
       5	   9	 170	 142	 228	 141	  59	 192	  39	 102	 133	 234	  74	 182	 183
       5	   9	 157	 137	 228	 135	  54	 200	  43	 101	 136	 236	  71	 184	 197
       5	   9	 144	 133	 223	 128	  51	 204	  63	 103	 124	 226	  79	 180	 223
       5	   9	 146	 134	 224	 129	  51	 202	  60	 103	 122	 225	  79	 181	 221
       5	   9	 145	 132	 226	 130	  53	 204	  54	 100	 128	 227	  83	 196	 212
       5	   9	 151	 134	 226	 132	  52	 200	  53	 104	 129	 232	  81	 194	 201
       5	   9	 156	 135	 229	 136	  57	 198	  41	 101	 133	 233	  71	 185	 197
       5	   9	 136	 137	 212	 122	  38	 204	  86	 110	 126	 222	  56	 166	 227
       5	   9	 139	 130	 222	 125	  51	 203	  66	 105	 119	 223	  69	 168	 237
       5	   9	 157	 136	 227	 138	  57	 202	  39	  93	 136	 228	  80	 205	 183
       5	   9	 195	 139	 234	 159	 100	 167	  43	 120	  90	 197	 195	 192	 125
       5	   9	 201	 134	 234	 162	 116	 156	  49	 129	  71	 189	 200	 157	 143
       5	   9	 191	 124	 239	 148	 117	 160	  44	 118	  67	 192	 194	 170	 157
       5	   9	 184	 119	 244	 139	 117	 160	  41	 120	  65	 196	 194	 170	 164
       5	   9	 160	 119	 242	 132	  93	 183	  34	 108	 105	 219	 149	 213	 169
       5	   9	 142	 124	 231	 129	  64	 203	  42	  99	 129	 229	  82	 190	 214
       5	   9	 131	 123	 225	 126	  57	 209	  57	 100	 134	 225	  72	 192	 223
       5	   9	 125	 116	 227	 126	  70	 202	  52	 106	 140	 220	  89	 208	 211
       5	   9	 131	 108	 238	 121	  91	 185	  36	 116	 124	 218	 123	 216	 195
       5	   9	 137	 112	 238	 124	  86	 187	  35	 113	 124	 220	 123	 219	 191
       6	  11	 214	 160	 186	 230	 191	 131	 109	 181	 159	 144	 240	 134	 117
       6	  11	 217	 144	 191	 229	 201	 131	 122	 179	 143	 157	 212	 131	 119
       6	  11	 214	 144	 199	 223	 195	 136	 121	 181	 134	 157	 225	 107	 133
       6	  11	 208	 140	 202	 221	 195	 134	 131	 175	 125	 168	 192	  92	 154
       6	  11	 213	 127	 189	 229	 221	 123	 155	 183	 134	 188	 131	 137	 181
       6	  11	 208	 130	 171	 242	 239	 106	 164	 175	 150	 198	  94	 177	 202
       6	  11	 211	 134	 179	 239	 226	 118	 156	 185	 148	 183	 127	 144	 181
       6	  11	 210	 143	 186	 235	 214	 123	 143	 185	 149	 178	 148	 129	 185
       6	  11	 206	 155	 170	 239	 220	 117	 128	 181	 168	 162	 188	 145	 199
       6	  11	 217	 144	 203	 218	 187	 133	 116	 171	 130	 162	 226	 111	 112
       6	  11	 214	 143	 204	 219	 189	 134	 120	 173	 128	 164	 222	 101	 126
       6	  11	 208	 140	 205	 216	 190	 142	 123	 181	 126	 161	 223	  95	 148
       6	  11	 210	 137	 204	 216	 194	 138	 128	 180	 123	 168	 200	  98	 157
       6	  11	 215	 133	 189	 231	 218	 123	 148	 185	 137	 185	 133	 136	 174
       6	  11	 210	 126	 174	 238	 238	 107	 166	 175	 144	 201	  91	 175	 200
       6	  11	 212	 124	 175	 237	 238	 108	 165	 177	 142	 201	 103	 169	 207
       6	  11	 215	 128	 178	 237	 229	 116	 159	 183	 145	 188	 109	 154	 165
       6	  11	 203	 139	 173	 241	 230	 112	 153	 179	 156	 189	 128	 164	 226
       6	  11	 213	 142	 200	 220	 192	 139	 121	 178	 137	 159	 229	 115	 127
       6	  11	 215	 146	 196	 223	 193	 135	 118	 180	 138	 154	 227	 115	 125
       6	  11	 216	 145	 201	 219	 188	 137	 116	 178	 134	 160	 230	 114	 123
       6	  11	 210	 149	 204	 214	 176	 147	 109	 174	 147	 162	 246	 125	 115
       6	  11	 212	 138	 194	 228	 209	 128	 141	 180	 136	 178	 155	 117	 169
       6	  11	 216	 125	 184	 229	 225	 119	 159	 182	 139	 193	 118	 151	 170
       6	  11	 214	 128	 193	 225	 219	 125	 154	 182	 138	 194	 133	 136	 183
       6	  11	 213	 132	 185	 234	 224	 121	 156	 185	 145	 188	 129	 140	 180
       6	  11	 203	 133	 166	 245	 241	 107	 166	 176	 166	 200	 109	 179	 217
       6	  11	 213	 140	 201	 222	 200	 131	 131	 183	 122	 172	 169	 101	 171
       6	  11	 215	 143	 201	 219	 188	 137	 115	 177	 132	 158	 226	 115	 122
       6	  11	 213	 154	 198	 221	 180	 140	 106	 178	 145	 150	 246	 124	 113
       6	  11	 214	 159	 192	 224	 182	 136	 105	 179	 155	 148	 243	 127	 114
       6	  11	 212	 140	 191	 231	 211	 125	 142	 182	 138	 175	 152	 118	 175
       6	  11	 214	 131	 187	 232	 220	 122	 153	 184	 140	 188	 133	 139	 182
       6	  11	 211	 143	 190	 232	 210	 125	 141	 188	 138	 175	 163	 116	 195
       6	  11	 203	 151	 175	 240	 222	 117	 139	 182	 162	 178	 168	 150	 227
       6	  11	 196	 161	 160	 240	 225	 113	 126	 182	 176	 162	 196	 152	 224
       6	  11	 214	 138	 209	 212	 187	 137	 118	 168	 129	 170	 226	 108	 119
       6	  11	 216	 145	 207	 213	 182	 140	 110	 175	 129	 164	 227	 112	 128
       6	  11	 217	 146	 209	 214	 178	 133	 108	 162	 126	 168	 225	 102	 109
       6	  11	 213	 142	 201	 220	 193	 138	 120	 178	 137	 158	 226	 111	 122
       6	  11	 217	 122	 192	 220	 220	 121	 155	 172	 130	 193	 104	 143	 139
       6	  11	 214	 122	 198	 216	 215	 127	 153	 176	 130	 191	 137	 126	 164
       6	  11	 206	 153	 187	 231	 201	 131	 130	 189	 154	 160	 214	 116	 178
       6	  11	 203	 161	 163	 241	 222	 111	 120	 180	 174	 160	 205	 160	 201
       6	  11	 196	 159	 154	 243	 231	 109	 125	 179	 181	 157	 199	 167	 203
       6	  11	 209	 137	 201	 221	 199	 136	 134	 180	 129	 172	 181	 107	 167
       6	  11	 208	 144	 201	 221	 191	 139	 124	 182	 132	 159	 221	  98	 152
       6	  11	 214	 142	 197	 222	 196	 136	 122	 180	 137	 157	 227	 115	 127
       6	  11	 207	 145	 194	 228	 201	 133	 132	 188	 137	 168	 189	 107	 182
       6	  11	 210	 136	 185	 236	 220	 124	 149	 188	 141	 177	 146	 127	 182
       6	  11	 203	 156	 182	 235	 205	 127	 131	 190	 156	 162	 203	 117	 198
       6	  11	 203	 164	 159	 239	 222	 109	 116	 180	 176	 159	 206	 165	 203
       6	  11	 194	 167	 151	 238	 227	 109	 117	 179	 185	 157	 199	 162	 218
       6	  11	 195	 162	 157	 240	 227	 113	 126	 180	 184	 161	 202	 157	 216
       6	  11	 213	 142	 198	 224	 199	 133	 128	 182	 130	 165	 196	 106	 154
       6	  11	 212	 144	 200	 219	 189	 140	 118	 178	 140	 158	 230	 114	 123
       6	  11	 210	 148	 202	 217	 180	 144	 112	 175	 145	 157	 248	 125	 118
       6	  11	 212	 154	 196	 222	 183	 139	 109	 177	 150	 154	 243	 128	 118
       6	  11	 213	 154	 179	 236	 205	 122	 119	 189	 149	 154	 213	 135	 156
       6	  11	 203	 159	 167	 239	 220	 113	 124	 182	 165	 163	 202	 153	 210
       6	  11	 195	 160	 160	 241	 226	 110	 130	 183	 168	 166	 173	 149	 243
       6	  11	 200	 151	 167	 244	 231	 108	 144	 182	 162	 182	 151	 149	 246
       6	  11	 199	 146	 172	 243	 234	 112	 154	 183	 163	 188	 151	 148	 243
       7	  13	 187	 239	  62	  28	 106	  85	 166	 155	 119	 168	 165	 182	 128
       7	  13	 181	 242	  32	  43	 173	 105	  91	 143	 106	 180	 142	 148	 127
       7	  13	 145	 217	  17	  73	 229	 163	  47	 143	  99	 204	 125	 163	 109
       7	  13	 119	 196	  24	  96	 238	 193	  39	 137	 104	 222	 105	 161	 103
       7	  13	 158	 227	  26	  50	 196	 135	  96	 149	 107	 184	 158	 186	 120
       7	  13	 178	 232	  62	  29	 109	  90	 176	 153	 123	 169	 168	 189	 139
       7	  13	 160	 228	  26	  50	 194	 133	  95	 149	 108	 181	 157	 183	 119
       7	  13	 156	 224	  34	  41	 174	 122	 133	 143	 110	 179	 172	 191	 118
       7	  13	 169	 231	  44	  31	 144	 103	 151	 148	 113	 170	 173	 187	 125
       7	  13	 178	 235	  52	  29	 127	  92	 163	 151	 118	 170	 172	 189	 136
       7	  13	 165	 217	  84	  31	  79	  99	 221	 156	 141	 166	 171	 202	 118
       7	  13	 180	 234	  64	  26	 104	  89	 182	 154	 125	 168	 173	 188	 122
       7	  13	 183	 232	  76	  29	  83	  87	 189	 157	 127	 169	 163	 186	 122
       7	  13	 189	 241	  58	  32	 118	  86	 149	 151	 121	 170	 154	 163	 124
       7	  13	 151	 219	  42	  36	 160	 121	 161	 144	 119	 172	 183	 199	 109
       7	  13	 131	 205	  34	  58	 196	 154	 126	 138	 114	 189	 165	 196	  99
       7	  13	 109	 186	  32	  92	 226	 196	  75	 139	 110	 213	 132	 186	  87
       7	  13	 148	 216	  43	  40	 163	 124	 162	 143	 123	 173	 182	 202	 115
       7	  13	 164	 227	  48	  29	 140	 105	 170	 149	 119	 169	 183	 198	 122
       7	  13	 151	 218	  41	  39	 163	 125	 157	 148	 119	 172	 182	 203	 113
       7	  13	 170	 235	  23	  56	 201	 122	  63	 136	 106	 192	 124	 142	 132
       7	  13	 135	 209	  21	  74	 225	 173	  59	 144	  99	 207	 129	 170	 103
       7	  13	 172	 218	  97	  38	  52	 101	 207	 161	 128	 167	 146	 180	 102
       7	  13	 134	 167	 159	  86	  12	 171	 202	 141	 151	 193	  86	 190	 120
       7	  13	 149	 220	  20	  65	 217	 155	  61	 146	 100	 199	 134	 166	 115
       7	  13	 126	 201	  31	  70	 211	 171	  99	 141	 113	 193	 149	 189	  98
       7	  13	 134	 208	  25	  70	 217	 166	  84	 145	 108	 205	 146	 194	 113
       7	  13	 110	 188	  29	  94	 232	 199	  62	 138	 106	 221	 119	 173	  92
       7	  13	 140	 212	  29	  57	 201	 154	 106	 147	 108	 190	 158	 195	 112
       7	  13	 154	 223	  32	  47	 184	 131	 119	 146	 112	 183	 165	 194	 124
       7	  13	  97	 175	  38	 104	 227	 204	  75	 129	 116	 219	 118	 170	  79
       7	  13	 111	 188	  35	  84	 216	 189	  95	 141	 114	 204	 141	 196	  96
       7	  13	 157	 225	  34	  40	 174	 122	 131	 143	 109	 179	 171	 186	 116
       7	  13	 171	 223	  80	  28	  78	  95	 210	 157	 128	 167	 169	 197	 119
       7	  13	 157	 225	  29	  47	 187	 131	 112	 146	 110	 183	 163	 189	 111
       7	  13	  49	 126	  82	 146	 198	 228	 121	 100	 165	 183	  94	 134	  47
       7	  13	  40	 116	  93	 153	 189	 232	 134	  97	 179	 170	  89	 132	  45
       7	  13	  96	 175	  38	 103	 227	 209	  76	 134	 115	 217	 120	 176	  81
       7	  13	 163	 231	  28	  44	 186	 121	 107	 141	 106	 187	 156	 170	 125
       7	  13	 123	 199	  24	  85	 231	 184	  58	 140	 102	 220	 124	 173	 104
       7	  13	 176	 237	  34	  42	 172	 113	 108	 153	 115	 175	 159	 181	 135
       7	  13	 158	 227	  24	  48	 196	 130	  94	 140	 100	 191	 153	 167	 115
       7	  13	 175	 231	  59	  26	 114	  92	 183	 153	 123	 168	 178	 194	 129
       7	  13	 180	 234	  62	  27	 106	  89	 179	 155	 121	 167	 176	 189	 121
       7	  13	 173	 229	  64	  26	 105	  92	 191	 154	 124	 167	 175	 196	 128
       7	  13	 132	 207	  24	  70	 219	 170	  80	 145	 105	 203	 146	 190	 103
       7	  13	 135	 210	  23	  68	 219	 168	  77	 143	 102	 203	 139	 175	 101
       7	  13	 150	 221	  23	  58	 209	 149	  85	 147	 106	 194	 152	 188	 117
       7	  13	 116	 194	  25	  90	 234	 194	  56	 139	 103	 218	 119	 170	  93
       7	  13	 110	 188	  28	  97	 234	 198	  57	 136	 108	 225	 116	 170	  96
       7	  13	 153	 221	  39	  36	 163	 121	 152	 145	 112	 175	 182	 198	 113
       7	  13	 165	 228	  44	  34	 151	 107	 158	 146	 121	 172	 179	 195	 125
       7	  13	 169	 234	  31	  41	 175	 113	 110	 143	 107	 178	 163	 174	 116
       7	  13	 178	 210	 125	  60	  26	 114	 190	 157	 140	 183	 112	 169	 112
       7	  13	 189	 227	 101	  44	  46	  93	 183	 162	 126	 172	 134	 167	 107
       7	  13	 165	 231	  27	  48	 190	 124	  96	 145	 109	 181	 157	 178	 120
       7	  13	 125	 201	  22	  83	 232	 185	  57	 142	 101	 215	 124	 173	 101
       7	  13	 116	 193	  28	  86	 227	 189	  71	 139	 105	 217	 131	 181	  96
       7	  13	 120	 197	  27	  80	 224	 185	  77	 142	 105	 209	 134	 182	  98
       7	  13	 115	 193	  28	  86	 228	 191	  70	 140	 105	 215	 130	 181	  94
       7	  13	 152	 222	  26	  52	 198	 141	  99	 147	 107	 185	 158	 186	 114
       7	  13	 143	 215	  32	  51	 190	 140	 122	 140	 109	 187	 164	 192	 110
       7	  13	 117	 195	  26	  87	 230	 191	  61	 140	 102	 218	 123	 172	  94
       7	  13	 163	 231	  26	  44	 186	 121	 104	 142	 104	 185	 162	 176	 114
       7	  13	 186	 231	  85	  32	  68	  87	 188	 158	 124	 172	 151	 179	 130
       7	  13	 192	 245	  51	  36	 131	  85	 132	 150	 122	 170	 158	 169	 130
       7	  13	 178	 239	  35	  41	 168	 103	 113	 145	 115	 178	 164	 175	 128
       7	  13	 163	 225	  45	  39	 155	 116	 150	 153	 125	 169	 173	 198	 132
       7	  13	 155	 223	  30	  47	 188	 134	 113	 150	 110	 181	 166	 194	 123
       7	  13	 169	 232	  39	  37	 161	 107	 137	 145	 116	 176	 171	 186	 131
       7	  13	 148	 219	  28	  52	 197	 145	 102	 147	 106	 186	 153	 180	 119
       7	  13	 139	 213	  20	  72	 225	 167	  61	 143	 103	 204	 132	 176	 108
       7	  13	 117	 194	  25	  89	 233	 192	  57	 140	 102	 220	 122	 173	  96
       7	  13	 151	 221	  23	  57	 206	 146	  87	 147	 106	 190	 155	 186	 114
       7	  13	 184	 238	  55	  29	 120	  88	 160	 153	 118	 170	 167	 184	 134
       7	  13	 175	 236	  35	  50	 178	 113	  92	 145	 118	 178	 138	 157	 143
       7	  13	 133	 207	  21	  82	 230	 176	  46	 142	 102	 215	 115	 165	 115
       7	  13	 132	 206	  24	  74	 222	 172	  76	 144	 107	 209	 142	 191	 110
       7	  13	 141	 214	  21	  67	 219	 162	  71	 143	 104	 199	 140	 171	 105
       7	  13	 186	 243	  39	  41	 161	  95	 110	 146	 116	 176	 149	 158	 135
       8	  15	 118	  48	 242	  29	 179	  49	  46	 209	 159	 231	  94	 179	  73
       8	  15	 122	  44	 240	  20	 182	  42	  44	 207	 167	 232	  93	 180	  66
       8	  15	 114	  46	 240	  26	 179	  47	  46	 211	 167	 230	  94	 175	  67
       8	  15	 111	  47	 242	  26	 180	  47	  48	 218	 172	 235	  96	 168	  60
       8	  15	 123	  45	 241	  21	 184	  43	  47	 206	 170	 235	  94	 179	  62
       8	  15	 115	  46	 242	  24	 181	  45	  46	 215	 170	 234	  94	 172	  60
       8	  15	 104	  50	 245	  33	 178	  52	  49	 227	 163	 234	 104	 151	  67
       8	  15	 161	  38	 232	  10	 189	  45	  49	 163	 164	 228	 121	 183	 119
       8	  15	 166	  33	 222	   7	 191	  52	  59	 150	 183	 226	 124	 184	 113
       8	  15	 195	  26	 200	   8	 194	  76	  76	 110	 178	 209	 133	 169	 138
       8	  15	 195	  26	 200	  11	 198	  80	  85	 108	 184	 213	 134	 164	 132
       8	  15	 193	  28	 202	  14	 196	  74	  82	 122	 182	 220	 130	 169	 129
       8	  15	 180	  31	 213	  11	 196	  66	  76	 133	 185	 225	 130	 170	 123
       8	  15	 193	  30	 209	  13	 198	  65	  74	 128	 170	 220	 122	 171	 122
       8	  15	 120	  46	 243	  22	 181	  41	  41	 213	 161	 233	  92	 176	  68
       8	  15	 155	  36	 226	  11	 190	  49	  58	 159	 177	 223	 103	 188	  99
       8	  15	 215	  17	 167	  18	 187	 100	  87	  91	 179	 190	 132	 160	 148
       8	  15	 215	  17	 158	  29	 184	 123	 102	  85	 180	 189	 138	 149	 143
       8	  15	 214	  18	 170	  20	 191	 111	  99	  87	 182	 196	 135	 150	 135
       8	  15	 211	  21	 176	  20	 192	 108	  98	  88	 180	 200	 139	 150	 138
       8	  15	 226	  15	 152	  29	 181	 117	  93	  87	 165	 182	 126	 152	 140
       8	  15	 109	  49	 245	  28	 178	  47	  43	 224	 163	 235	  97	 165	  65
       8	  15	 171	  31	 216	   6	 192	  55	  61	 142	 185	 222	 125	 184	 116
       8	  15	 221	  13	 149	  26	 181	 124	  97	  83	 183	 184	 137	 148	 137
       8	  15	 234	  10	 130	  39	 176	 137	 103	  85	 173	 180	 136	 133	 134
       8	  15	 229	  14	 151	  29	 186	 126	 105	  83	 176	 192	 137	 135	 131
       8	  15	 230	  15	 153	  29	 187	 124	 103	  83	 168	 190	 137	 134	 134
       8	  15	 231	   7	 121	  38	 158	 133	  79	  87	 153	 154	 126	 149	 151
       8	  15	 119	  48	 246	  26	 180	  43	  40	 216	 155	 236	  96	 174	  70
       8	  15	 186	  28	 209	   7	 194	  63	  69	 130	 179	 217	 126	 173	 123
       8	  15	 204	  20	 181	  11	 191	  92	  86	  97	 189	 199	 135	 162	 140
       8	  15	 203	  19	 180	  11	 191	  94	  88	  96	 193	 201	 136	 162	 139
       8	  15	 224	  13	 151	  24	 183	 128	 100	  82	 182	 187	 144	 135	 130
       8	  15	 231	  13	 146	  31	 183	 130	 103	  84	 173	 186	 141	 130	 126
       8	  15	 220	   3	  95	  57	 132	 132	  57	 101	 144	 129	 122	 169	 176
       8	  15	 134	  44	 242	  18	 184	  38	  38	 197	 159	 232	 104	 190	  86
       8	  15	 168	  32	 221	   6	 193	  51	  59	 150	 181	 224	 121	 182	 110
       8	  15	 166	  32	 221	   4	 192	  51	  57	 150	 183	 223	 121	 183	 111
       8	  15	 134	  39	 228	  17	 184	  51	  57	 177	 186	 223	 101	 189	  86
       8	  15	 190	  26	 201	   9	 194	  71	  76	 124	 187	 214	 127	 172	 124
       8	  15	 219	  18	 170	  20	 190	  96	  88	  94	 170	 192	 125	 159	 141
       8	  15	 200	   7	  91	  71	 117	 134	  43	 106	 125	  94	 103	 188	 186
       8	  15	 154	  37	 233	   8	 188	  42	  44	 173	 165	 227	 117	 180	 103
       8	  15	 165	  32	 221	   5	 190	  51	  54	 154	 180	 222	 120	 183	 103
       8	  15	 163	  33	 223	   7	 192	  52	  58	 157	 181	 228	 123	 177	 101
       8	  15	 126	  45	 241	  22	 185	  46	  50	 203	 170	 238	  96	 178	  63
       8	  15	 101	  49	 243	  31	 175	  49	  45	 231	 167	 230	  95	 158	  55
       8	  15	 101	  46	 237	  29	 170	  46	  37	 225	 163	 210	  89	 164	  67
       8	  15	 105	  32	 131	  96	 110	 147	  55	 120	 140	  35	  63	 234	 177
       8	  15	 136	  46	 235	  29	 167	  39	  17	 189	 106	 184	  61	 219	 106
       8	  15	 129	  43	 241	  17	 182	  34	  36	 202	 158	 227	  85	 194	  75
       8	  15	 104	  46	 240	  26	 177	  46	  46	 223	 175	 227	  91	 167	  58
       8	  15	  84	  51	 239	  42	 169	  61	  54	 242	 175	 220	  96	 136	  53
       8	  15	  55	  61	 231	  81	 157	 120	  90	 248	 169	 193	 166	  24	 122
       8	  15	  73	  54	 236	  54	 156	  75	  50	 252	 155	 195	 106	  94	  84
       8	  15	 130	  27	 144	  70	 119	 119	  38	 120	 127	  53	  62	 233	 174
       9	  17	  87	  41	  42	 220	  94	   9	  83	  28	 137	 210	 167	  94	  77
       9	  17	 117	  35	  30	 219	  97	  11	  81	  58	 130	 232	 155	 108	  95
       9	  17	 114	  36	  31	 219	  99	  15	  84	  62	 132	 230	 151	 111	  93
       9	  17	 115	  37	  35	 218	 104	  20	  92	  62	 136	 229	 145	 110	  87
       9	  17	 143	  31	  26	 217	 111	  36	  92	 111	 133	 246	 126	 142	 120
       9	  17	 174	  28	  29	 206	 128	  72	 107	 159	 137	 242	  99	 160	 129
       9	  17	 150	  34	  36	 215	 126	  47	 111	 118	 137	 242	 106	 148	 118
       9	  17	 126	  38	  39	 219	 115	  36	 104	  91	 137	 233	 125	 135	 111
       9	  17	 122	  40	  43	 219	 121	  36	 113	  78	 144	 230	 124	 123	  90
       9	  17	 105	  45	  53	 220	 125	  42	 124	  63	 154	 219	 125	 117	  77
       9	  17	  92	  49	  62	 217	 127	  56	 132	  57	 164	 198	 123	 111	  60
       9	  17	  69	  46	  55	 215	  93	  23	  90	   9	 143	 177	 168	  84	  63
       9	  17	  97	  40	  41	 218	 100	  20	  92	  42	 142	 214	 157	  97	  72
       9	  17	 110	  38	  36	 219	 104	  21	  93	  57	 139	 228	 149	 107	  84
       9	  17	 115	  37	  36	 218	 106	  24	  94	  63	 139	 229	 145	 110	  85
       9	  17	 136	  31	  26	 216	 104	  27	  86	  92	 132	 243	 139	 128	 109
       9	  17	 161	  24	  17	 207	 103	  46	  80	 129	 131	 250	 133	 147	 136
       9	  17	 158	  23	  17	 206	 101	  42	  78	 119	 131	 250	 137	 141	 132
       9	  17	 137	  28	  20	 214	  92	  24	  70	  95	 124	 243	 150	 135	 131
       9	  17	 136	  28	  18	 216	  92	  23	  69	  98	 125	 243	 147	 135	 125
       9	  17	 145	  28	  19	 214	 100	  31	  78	 112	 129	 248	 138	 141	 127
       9	  17	 135	  35	  31	 218	 115	  38	 101	 106	 140	 245	 125	 139	 113
       9	  17	  78	  42	  45	 218	  84	   6	  71	  16	 127	 192	 173	  97	  92
       9	  17	  75	  43	  49	 216	  87	  16	  79	  15	 133	 183	 169	  93	  80
       9	  17	  72	  45	  53	 215	  93	  23	  88	  14	 142	 178	 165	  85	  60
       9	  17	  74	  44	  51	 216	  93	  19	  88	  13	 141	 184	 167	  84	  60
       9	  17	  79	  42	  45	 218	  87	  10	  77	  16	 132	 192	 172	  91	  80
       9	  17	  91	  38	  36	 218	  80	   4	  63	  31	 121	 204	 172	 106	 106
       9	  17	 113	  31	  22	 217	  79	   7	  56	  59	 118	 221	 166	 117	 116
       9	  17	 117	  30	  22	 215	  78	  18	  56	  79	 119	 225	 163	 135	 139
       9	  17	 129	  26	  16	 214	  78	  23	  53	  99	 119	 234	 159	 145	 149
       9	  17	 126	  28	  16	 216	  80	  17	  54	  86	 119	 230	 160	 132	 131
       9	  17	 128	  28	  17	 216	  81	  17	  57	  91	 118	 235	 157	 138	 139
       9	  17	  41	  54	  84	 205	 103	  67	 116	   2	 163	 129	 149	  90	  53
       9	  17	  34	  57	  95	 200	 110	  95	 132	  14	 177	 111	 137	  97	  45
       9	  17	  45	  53	  80	 206	 104	  65	 116	   6	 165	 134	 150	  87	  44
       9	  17	  57	  49	  66	 211	  98	  39	 101	   5	 152	 157	 161	  83	  51
       9	  17	  54	  50	  70	 210	  97	  43	 101	   2	 152	 150	 160	  85	  55
       9	  17	  48	  52	  76	 208	  99	  52	 106	   1	 155	 140	 155	  88	  57
       9	  17	  53	  50	  70	 210	  97	  45	 101	   5	 151	 148	 157	  89	  58
       9	  17	  52	  50	  72	 209	  96	  47	 101	   3	 151	 144	 156	  90	  62
       9	  17	  64	  46	  58	 214	  90	  26	  86	   9	 139	 168	 164	  93	  74
       9	  17	  71	  44	  53	 215	  87	  22	  80	  14	 134	 172	 166	  94	  79
       9	  17	  69	  45	  54	 214	  88	  23	  83	  11	 136	 170	 166	  92	  76
       9	  17	  57	  49	  66	 212	  93	  35	  94	   2	 145	 154	 162	  88	  64
       9	  17	  59	  48	  63	 212	  92	  31	  92	   3	 143	 159	 163	  88	  65
       9	  17	  57	  49	  66	 211	  96	  37	  98	   2	 149	 155	 162	  84	  57
       9	  17	  57	  49	  67	 211	  98	  43	 102	   9	 154	 155	 158	  85	  50
       9	  17	  55	  50	  68	 211	  98	  42	 102	   4	 153	 154	 159	  85	  52
       9	  17	  54	  50	  69	 211	  98	  41	 101	   2	 152	 152	 159	  84	  52
       9	  17	  52	  51	  72	 209	  98	  50	 104	   6	 154	 144	 156	  89	  56
       9	  17	  44	  53	  81	 205	 102	  69	 114	   9	 163	 128	 147	  94	  52
       9	  17	  41	  54	  84	 205	 103	  70	 117	   5	 164	 126	 146	  92	  51
       9	  17	  38	  55	  88	 203	 104	  77	 120	   6	 166	 120	 143	  95	  54
       9	  17	  53	  50	  71	 210	  95	  44	  99	   4	 149	 146	 157	  92	  66
       9	  17	 135	  29	  19	 216	  93	  23	  70	  99	 125	 241	 145	 136	 123
       9	  17	 135	  28	  19	 215	  91	  23	  68	  98	 123	 242	 148	 138	 133
       9	  17	 100	  38	  33	 220	  90	   4	  75	  39	 129	 220	 165	 100	  88
       9	  17	  72	  45	  54	 216	  94	  23	  91	  14	 143	 181	 167	  86	  62
       9	  17	  49	  52	  75	 208	 101	  52	 108	   2	 158	 143	 155	  85	  48
       9	  17	  44	  53	  81	 206	 102	  62	 113	   2	 161	 131	 151	  89	  52
       9	  17	  58	  49	  64	 212	  95	  36	  96	   5	 148	 157	 161	  86	  57
       9	  17	  63	  47	  60	 213	  93	  29	  92	   5	 144	 164	 164	  86	  62
       9	  17	  45	  53	  79	 207	 101	  57	 111	   0	 159	 135	 153	  87	  51
       9	  17	  25	  60	 108	 194	 117	 125	 148	  23	 191	  92	 123	 106	  43
       9	  17	  29	  59	 101	 198	 113	 107	 138	  15	 182	 101	 131	 101	  46
       9	  17	 200	  19	  22	 191	 122	 103	  98	 200	 136	 227	  92	 165	 116
       9	  17	 194	  23	  28	 195	 132	  95	 107	 184	 139	 234	  93	 165	 128
       9	  17	 138	  31	  25	 216	 103	  28	  84	  97	 129	 243	 137	 133	 117
       9	  17	 110	  36	  30	 219	  93	   9	  77	  52	 129	 226	 159	 106	  91
       9	  17	  96	  38	  33	 220	  86	   3	  70	  35	 127	 215	 169	 100	  89
       9	  17	  73	  44	  50	 216	  88	  18	  81	  13	 135	 178	 167	  88	  68
       9	  17	  84	  40	  40	 219	  85	   5	  71	  22	 129	 201	 171	  96	  86
       9	  17	 101	  36	  30	 219	  83	   2	  65	  40	 124	 218	 170	 103	  98
       9	  17	  91	  38	  35	 220	  83	   1	  66	  28	 124	 208	 172	 100	  94
       9	  17	  75	  43	  47	 217	  85	  13	  75	  15	 130	 182	 168	  94	  81
       9	  17	  77	  42	  45	 218	  83	   9	  70	  19	 126	 187	 168	 101	  92
      10	  19	 231	 210	 172	 159	  77	 120	  52	 141	 173	 190	  64	  89	 115
      10	  19	 194	 191	 181	 119	  22	 154	 102	 137	 132	 211	  77	 135	 127
      10	  19	 161	 162	 198	 116	  21	 186	 110	 122	 129	 222	  81	 167	 180
      10	  19	 158	 170	 184	 102	  11	 177	 138	 129	 131	 215	  81	 170	 161
      10	  19	 141	 154	 193	 109	  17	 195	 128	 121	 132	 217	  66	 174	 189
      10	  19	 145	 152	 199	 117	  24	 194	 100	 117	 123	 205	  73	 166	 182
      10	  19	  98	 107	 219	 120	  77	 210	  90	 120	 143	 208	 105	 178	 240
      10	  19	 208	 166	 215	 182	  97	 162	  59	 123	 180	 213	 108	 164	  95
      10	  19	 226	 218	 155	 142	  79	 112	  70	 145	 178	 189	  67	  90	 120
      10	  19	 176	 184	 176	 103	  11	 161	 133	 137	 136	 212	  71	 149	 137
      10	  19	 225	 153	 212	 204	 146	 130	  69	 153	  96	 156	 210	 138	  84
      10	  19	 225	 160	 200	 204	 131	 133	  56	 147	  83	 142	 182	 139	  55
      10	  19	 226	 162	 209	 199	 117	 143	  44	 132	 112	 172	 162	 204	  39
      10	  19	 220	 176	 194	 191	  97	 144	  32	 130	 127	 164	 128	 177	  33
      10	  19	 178	 154	 218	 142	  44	 185	  37	 106	 115	 217	  58	 155	 185
      10	  19	 189	 177	 197	 133	  32	 169	  59	 116	 128	 211	  38	 114	 164
      10	  19	 166	 159	 208	 124	  29	 187	  85	 117	 119	 226	  80	 164	 192
      10	  19	 137	 114	 240	 126	  90	 191	  47	 115	 133	 228	 116	 168	 216
      10	  19	  78	  91	 221	 114	 100	 194	  81	 144	 149	 200	 111	 164	 224
      10	  19	 153	 131	 234	 131	  66	 197	  50	 107	 110	 225	 108	 166	 221
      10	  19	 209	 191	 189	 150	  59	 147	  71	 132	 172	 210	  53	  99	 136
      10	  19	 181	 172	 199	 127	  24	 175	  90	 127	 123	 216	  79	 148	 140
      10	  19	 174	 147	 227	 143	  56	 188	  39	 105	 124	 228	  73	 163	 197
      10	  19	 204	 174	 207	 167	  58	 171	  32	 112	 158	 202	  72	 166	  68
      10	  19	 169	 141	 229	 142	  59	 193	  34	 101	 127	 228	  77	 184	 181
      10	  19	 209	 147	 227	 184	 114	 163	  51	 125	 114	 187	 194	 202	  53
      10	  19	 213	 160	 215	 197	 124	 156	  66	 128	 183	 204	 168	 216	  47
      10	  19	 150	 108	 247	 128	 118	 175	  46	 119	 130	 224	 169	 204	 155
      10	  19	   2	  69	 160	 167	 140	 248	 204	 124	 246	  75	  86	 136	  92
      10	  19	   0	  70	 154	 172	 142	 254	 212	 110	 250	  67	  72	 160	  78
      10	  19	 220	 206	 172	 148	  68	 129	  66	 137	 178	 199	  49	  82	 120
      10	  19	 217	 209	 169	 133	  50	 129	  74	 140	 161	 198	  59	  96	 112
      10	  19	 166	 140	 229	 139	  57	 193	  38	 104	 121	 228	  73	 165	 198
      10	  19	 197	 139	 234	 161	  95	 166	  29	 114	  83	 196	 159	 214	 118
      10	  19	 185	 143	 234	 154	  81	 185	  38	 103	 141	 232	 124	 214	 134
      10	  19	 199	 147	 233	 168	  97	 174	  42	 109	 136	 224	 147	 219	 112
      10	  19	 173	 142	 229	 153	  77	 195	  47	  98	 166	 236	  98	 197	 140
      10	  19	 151	 111	 244	 135	 113	 188	  51	 109	 137	 223	 179	 215	 138
      10	  19	  18	  68	 187	 136	 132	 211	 150	 174	 213	 120	 125	  85	 137
      10	  19	   0	  70	 154	 172	 142	 254	 213	 110	 250	  67	  72	 161	  78
      10	  19	 223	 164	 201	 218	 161	 133	  86	 143	 182	 191	 183	 208	  54
      10	  19	 213	 194	 187	 150	  58	 144	  62	 133	 165	 203	  53	  89	 117
      10	  19	 123	 136	 203	 117	  35	 210	 121	 114	 142	 219	  77	 185	 205
      10	  19	 156	 151	 210	 126	  35	 196	  84	 111	 122	 215	  86	 161	 183
      10	  19	 117	 115	 226	 121	  71	 203	  72	 118	 125	 217	 107	 179	 244
      10	  19	 180	 131	 240	 152	 102	 183	  44	 102	 129	 223	 159	 219	 131
      10	  19	 201	 146	 227	 183	 118	 173	  66	 117	 165	 216	 174	 217	  53
      10	  19	 188	 133	 234	 170	 122	 179	  68	 115	 158	 220	 177	 215	  65
      10	  19	 174	 123	 244	 146	 114	 182	  51	 105	 133	 230	 170	 212	 136
      10	  19	  78	  89	 223	 114	 103	 191	  72	 145	 153	 199	 117	 177	 203
      10	  19	 225	 174	 186	 219	 161	 133	  76	 161	 188	 172	 185	 214	  69
      10	  19	 208	 201	 175	 129	  43	 136	  91	 140	 157	 207	  64	 110	 137
      10	  19	 158	 162	 196	 113	  19	 186	 117	 122	 133	 224	  75	 171	 183
      10	  19	 183	 157	 218	 152	  66	 185	  57	 106	 159	 229	  67	 140	 165
      10	  19	 177	 145	 230	 149	  65	 192	  43	 106	 146	 235	  81	 172	 151
      10	  19	 203	 154	 227	 177	  94	 173	  49	 115	 148	 213	 144	 211	  69
      10	  19	 221	 175	 207	 194	 109	 148	  57	 129	 184	 206	 139	 206	  62
      10	  19	 203	 150	 226	 182	 108	 173	  58	 117	 160	 214	 168	 218	  59
      10	  19	 200	 142	 230	 179	 119	 173	  64	 117	 157	 217	 174	 217	  58
      10	  19	 226	 178	 199	 206	 127	 138	  59	 136	 189	 195	 149	 204	  49
      10	  19	  99	  50	 228	  47	 147	  52	   9	 213	 100	 145	  42	 208	  99
      10	  19	 193	  87	 242	 117	 178	 110	  71	 141	  42	 191	 144	 128	 201
      10	  19	 202	 151	 228	 170	  93	 175	  38	 109	 138	 216	 163	 228	  85
      10	  19	 165	 145	 224	 134	  52	 195	  58	 106	 119	 226	  87	 152	 202
      10	  19	 118	 116	 225	 120	  67	 203	  71	 115	 126	 218	  92	 170	 248
      10	  19	 149	 128	 233	 132	  66	 201	  44	 101	 126	 229	  90	 168	 216
      10	  19	 183	 161	 216	 144	  47	 184	  63	 116	 140	 228	  63	 121	 163
      10	  19	 190	 174	 205	 138	  34	 176	  69	 121	 136	 222	  64	 125	 141
      10	  19	 185	 161	 219	 141	  51	 181	  59	 113	 128	 231	  79	 142	 188
      10	  19	 222	 201	 179	 171	  83	 134	  48	 129	 206	 199	  62	 134	  98