
      
       1	   1	 223	   3	  26	 139	 109	 163	  81	 199	 151	 187	 115	 150	 101
       1	   1	 226	   3	  29	 135	 112	 164	  81	 197	 151	 187	 114	 150	 102
       1	   1	 231	   2	  34	 128	 117	 165	  84	 192	 153	 188	 116	 148	 106
       1	   1	 227	   3	  31	 134	 115	 165	  85	 196	 153	 188	 114	 148	 101
       1	   1	 212	   4	  13	 156	  95	 148	  69	 202	 142	 194	 121	 158	 115
       1	   1	 202	   5	   9	 165	  89	 138	  62	 205	 140	 201	 122	 166	 123
       1	   1	 208	   4	  11	 160	  93	 147	  67	 204	 143	 195	 121	 158	 111
       1	   1	 206	   5	  15	 156	  92	 150	  68	 200	 143	 191	 124	 161	 123
       1	   1	 209	   4	  16	 153	  97	 150	  69	 201	 146	 194	 120	 161	 119
       1	   1	 235	   3	  44	 118	 126	 167	  93	 177	 155	 181	 115	 135	  91
       1	   1	 231	   3	  37	 125	 120	 167	  90	 181	 155	 183	 119	 136	  92
       1	   1	 231	   3	  41	 120	 120	 169	  89	 179	 157	 183	 123	 138	 100
       1	   1	 233	   3	  45	 117	 126	 171	  95	 177	 160	 182	 118	 134	  87
       1	   1	 225	   3	  32	 132	 115	 168	  86	 195	 157	 189	 117	 146	  97
       1	   1	 218	   3	  22	 142	 103	 162	  77	 198	 153	 191	 124	 152	 111
       1	   1	 218	   3	  22	 143	 106	 162	  79	 198	 155	 193	 122	 150	 103
       1	   1	 222	   2	  25	 138	 107	 163	  78	 198	 153	 191	 120	 151	 107
       1	   1	 225	   3	  31	 132	 113	 168	  84	 194	 158	 189	 119	 147	 100
       1	   1	 228	   4	  29	 140	 113	 158	  83	 198	 144	 191	 112	 149	 104
       1	   1	 214	   7	  31	 145	 109	 161	  86	 195	 147	 187	 116	 153	 112
       1	   1	 221	   5	  23	 148	 110	 157	  84	 202	 149	 195	 113	 148	  96
       1	   1	 220	   4	  19	 150	 105	 153	  78	 201	 145	 195	 115	 151	 102
       1	   1	 212	   4	  16	 153	  98	 149	  70	 203	 145	 197	 120	 161	 118
       1	   1	 205	   5	  12	 162	  94	 133	  65	 206	 146	 205	 122	 168	 133
       1	   1	 205	   5	  10	 161	  91	 146	  66	 204	 143	 194	 122	 159	 112
       1	   1	 212	   3	  16	 151	  97	 155	  71	 201	 148	 192	 121	 156	 110
       1	   1	 222	   2	  27	 134	 108	 167	  80	 197	 156	 188	 121	 151	 107
       1	   1	 232	   8	  46	 130	 131	 165	 103	 181	 152	 185	 111	 132	  78
       1	   1	 228	   7	  41	 134	 126	 165	 101	 182	 155	 188	 114	 132	  79
       1	   1	 222	   5	  25	 146	 113	 159	  87	 200	 151	 194	 111	 146	  90
       1	   1	 213	   4	  14	 155	  98	 150	  71	 204	 144	 196	 119	 156	 110
       1	   1	 209	   4	  12	 158	  93	 148	  68	 204	 145	 196	 122	 158	 114
       1	   1	 209	   5	  15	 156	  97	 149	  71	 205	 148	 200	 121	 161	 116
       1	   1	 212	   4	  19	 151	 102	 152	  74	 203	 151	 199	 119	 159	 113
       1	   1	 216	   3	  18	 147	 100	 156	  73	 201	 148	 192	 122	 155	 113
       1	   1	 221	   2	  24	 139	 105	 162	  77	 199	 152	 191	 122	 153	 112
       1	   1	 230	   7	  38	 136	 125	 161	  97	 185	 149	 187	 109	 135	  79
       1	   1	 221	   6	  22	 153	 111	 152	  85	 202	 146	 197	 110	 149	  93
       1	   1	 214	   6	  16	 160	 104	 148	  79	 203	 144	 197	 112	 151	  96
       1	   1	 205	   6	   8	 169	  92	 137	  66	 204	 138	 199	 118	 158	 107
       1	   1	 205	   6	  10	 166	  93	 138	  66	 205	 141	 204	 120	 163	 118
       1	   1	 213	   5	  17	 154	 102	 155	  78	 203	 150	 195	 117	 151	  99
       1	   1	 219	   4	  21	 146	 106	 159	  79	 201	 152	 194	 118	 151	 101
       1	   1	 220	   3	  25	 140	 108	 164	  80	 199	 154	 189	 118	 150	 101
       1	   1	 223	   2	  28	 134	 110	 166	  80	 196	 156	 188	 119	 150	 105
       1	   1	 209	   6	  14	 162	 100	 148	  76	 205	 146	 198	 116	 152	  97
       1	   1	 211	   5	  12	 160	  96	 146	  70	 204	 141	 197	 119	 157	 111
       1	   1	 211	   5	  14	 159	  98	 147	  72	 204	 142	 195	 115	 157	 106
       1	   1	 214	   4	  14	 155	  97	 149	  71	 203	 143	 196	 120	 157	 112
       1	   1	 210	   4	  13	 156	  94	 150	  68	 204	 145	 194	 120	 159	 113
       1	   1	 207	   5	  10	 161	  92	 146	  67	 204	 143	 196	 121	 158	 112
       1	   1	 205	   5	  15	 159	  93	 148	  69	 201	 142	 194	 123	 160	 122
       1	   1	 212	   4	  25	 143	 100	 161	  74	 196	 148	 185	 123	 159	 124
       1	   1	 228	   1	  36	 121	 114	 169	  82	 180	 156	 178	 122	 142	 105
       1	   1	 220	   3	  20	 146	 103	 155	  74	 202	 144	 190	 115	 154	 108
       1	   1	 226	   3	  31	 133	 114	 165	  84	 195	 153	 187	 114	 149	 102
       1	   1	 223	   4	  25	 142	 109	 160	  81	 199	 149	 190	 114	 150	 101
       1	   1	 221	   2	  23	 140	 105	 158	  76	 189	 148	 185	 121	 146	 104
       1	   1	 212	   3	  16	 149	  95	 155	  67	 201	 147	 189	 122	 158	 117
       1	   1	 208	   4	  18	 150	  93	 155	  66	 199	 144	 186	 125	 163	 130
       1	   1	 216	   2	  29	 130	 106	 170	  78	 172	 154	 171	 129	 142	 116
       1	   1	 218	   1	  33	 123	 109	 174	  79	 169	 158	 169	 131	 142	 118
       1	   1	 221	   1	  38	 115	 112	 177	  80	 165	 161	 168	 133	 142	 121
       1	   1	 218	   2	  18	 146	  98	 154	  66	 201	 140	 183	 116	 160	 116
       1	   1	 216	   3	  17	 150	  99	 152	  69	 201	 140	 186	 113	 158	 110
       1	   1	 215	   3	  14	 154	  96	 148	  66	 202	 138	 189	 115	 159	 113
       1	   1	 201	   5	  13	 160	  85	 144	  58	 200	 135	 185	 122	 169	 135
       1	   1	 191	   6	   7	 170	  78	 133	  50	 200	 129	 183	 119	 174	 133
       1	   1	 189	   7	  11	 167	  77	 137	  50	 198	 128	 178	 121	 177	 145
       1	   1	 199	   5	  16	 155	  84	 147	  56	 197	 134	 176	 121	 174	 143
       1	   1	 207	   3	  15	 150	  89	 153	  58	 200	 139	 178	 120	 168	 130
       1	   1	 207	   4	  26	 140	  93	 161	  65	 193	 143	 172	 122	 169	 140
       1	   1	 208	   4	  17	 152	  88	 149	  58	 200	 131	 176	 117	 170	 133
       1	   1	 210	   3	  13	 155	  91	 146	  60	 202	 132	 180	 113	 165	 120
       1	   1	 207	   4	  14	 157	  88	 144	  58	 200	 131	 183	 118	 168	 131
       1	   1	 202	   5	  12	 160	  84	 143	  56	 202	 132	 183	 121	 170	 135
       1	   1	 194	   6	   8	 169	  80	 134	  52	 200	 128	 185	 122	 173	 137
       1	   1	 194	   6	   9	 168	  80	 135	  53	 200	 128	 184	 122	 173	 138
       1	   1	 203	   4	  14	 157	  85	 145	  57	 200	 133	 181	 121	 170	 136
       1	   1	 220	   1	  24	 135	 100	 159	  68	 186	 144	 174	 121	 152	 114
       1	   1	 221	   2	  33	 127	 104	 166	  71	 191	 147	 175	 120	 161	 130
       1	   1	 200	   5	  16	 155	  83	 143	  53	 188	 124	 165	 117	 168	 135
       1	   1	 202	   4	  12	 158	  84	 139	  52	 190	 125	 170	 116	 164	 123
       1	   1	 200	   5	  14	 160	  83	 142	  53	 199	 127	 176	 117	 175	 139
       1	   1	 203	   4	  10	 161	  85	 143	  56	 204	 132	 182	 117	 168	 125
       1	   1	 198	   6	  10	 167	  84	 138	  57	 202	 131	 187	 121	 169	 130
       1	   1	 197	   7	   9	 169	  83	 135	  57	 200	 130	 188	 121	 168	 129
       1	   1	 208	   4	  11	 158	  89	 145	  60	 203	 134	 185	 117	 164	 119
       1	   1	 229	   1	  34	 123	 112	 165	  78	 181	 148	 174	 119	 144	 104
       1	   1	 230	   1	  48	 106	 123	 177	  86	 160	 156	 163	 125	 137	 112
       1	   1	 215	   5	  17	 155	  97	 143	  68	 192	 130	 183	 115	 152	 106
       1	   1	 224	   3	  24	 140	 103	 153	  70	 189	 135	 176	 114	 150	 107
       1	   1	 220	   2	  22	 141	 100	 155	  66	 199	 138	 178	 112	 161	 116
       1	   1	 206	   4	   9	 163	  88	 140	  58	 205	 132	 188	 115	 166	 118
       1	   1	 184	  11	   3	 188	  83	 104	  55	 201	 131	 211	 120	 172	 129
       1	   1	 192	   9	   3	 182	  84	 109	  53	 204	 129	 207	 119	 174	 136
       1	   1	 207	   4	  10	 162	  89	 142	  60	 204	 133	 187	 116	 164	 117
       1	   1	 208	   5	  15	 159	  92	 146	  66	 202	 135	 188	 118	 164	 124
       1	   1	 200	   7	   6	 172	  87	 134	  61	 204	 133	 194	 117	 162	 112
       2	   2	 171	 223	  79	  30	  83	  95	 208	 155	 135	 166	 166	 195	 119
       2	   2	 174	 232	  54	  25	 121	  94	 177	 152	 119	 168	 180	 194	 122
       2	   2	 141	 215	  22	  61	 214	 160	  81	 146	  98	 198	 146	 179	 105
       2	   2	  85	 164	  44	 118	 228	 220	  66	 127	 121	 223	  99	 156	  76
       2	   2	  53	 130	  77	 148	 204	 227	 103	 100	 159	 196	  83	 127	  54
       2	   2	  74	 153	  54	 133	 224	 224	  68	 117	 133	 220	  85	 142	  71
       2	   2	 107	 185	  29	 107	 239	 204	  40	 133	 108	 224	 100	 159	  90
       2	   2	 144	 217	  17	  72	 227	 164	  50	 143	  97	 205	 128	 165	 108
       2	   2	 139	 213	  20	  74	 228	 169	  55	 144	 101	 208	 126	 171	 111
       2	   2	 125	 201	  22	  85	 233	 185	  51	 141	 101	 213	 121	 171	  96
       2	   2	 161	 229	  27	  47	 191	 128	 103	 145	 109	 185	 160	 182	 121
       2	   2	 147	 219	  23	  58	 208	 152	  87	 147	 104	 194	 153	 188	 110
       2	   2	 166	 232	  28	  41	 181	 117	 111	 142	 106	 184	 164	 178	 119
       2	   2	 166	 231	  37	  37	 163	 111	 133	 145	 112	 176	 169	 183	 115
       2	   2	 155	 224	  28	  48	 193	 137	 107	 149	 108	 184	 160	 182	 115
       2	   2	 141	 215	  19	  71	 226	 166	  57	 145	  99	 209	 130	 172	 112
       2	   2	 137	 211	  21	  73	 225	 169	  62	 145	 101	 210	 129	 175	 112
       2	   2	 147	 219	  23	  56	 208	 152	  89	 147	 103	 195	 149	 182	 116
       2	   2	 139	 213	  26	  58	 208	 158	  99	 146	 105	 195	 153	 186	 104
       2	   2	 149	 221	  20	  60	 215	 154	  70	 145	 100	 200	 136	 168	 115
       2	   2	 178	 232	  62	  29	 109	  90	 176	 153	 123	 169	 168	 189	 139
       2	   2	 160	 228	  26	  50	 194	 133	  95	 149	 108	 181	 157	 183	 119
       2	   2	 156	 224	  34	  41	 174	 122	 133	 143	 110	 179	 172	 191	 118
       2	   2	 169	 231	  44	  31	 144	 103	 151	 148	 113	 170	 173	 187	 125
       2	   2	 178	 235	  52	  29	 127	  92	 163	 151	 118	 170	 172	 189	 136
       2	   2	 162	 230	  27	  46	 188	 123	 104	 141	 107	 185	 159	 177	 117
       2	   2	 120	 195	  30	  80	 219	 182	  88	 142	 112	 205	 145	 195	  99
       2	   2	 113	 191	  27	  95	 235	 196	  56	 137	 106	 223	 117	 172	  98
       2	   2	 121	 197	  26	  80	 226	 185	  71	 140	 102	 207	 134	 176	  89
       2	   2	 154	 222	  33	  48	 184	 134	 121	 150	 114	 181	 165	 199	 129
       2	   2	 131	 205	  34	  58	 196	 154	 126	 138	 114	 189	 165	 196	  99
       2	   2	 109	 186	  32	  92	 226	 196	  75	 139	 110	 213	 132	 186	  87
       2	   2	 148	 216	  43	  40	 163	 124	 162	 143	 123	 173	 182	 202	 115
       2	   2	 164	 227	  48	  29	 140	 105	 170	 149	 119	 169	 183	 198	 122
       2	   2	 151	 218	  41	  39	 163	 125	 157	 148	 119	 172	 182	 203	 113
       2	   2	 148	 218	  33	  45	 182	 132	 133	 141	 111	 183	 175	 195	 109
       2	   2	 130	 206	  24	  70	 219	 173	  82	 144	 102	 206	 142	 184	 105
       2	   2	 128	 204	  22	  78	 228	 180	  60	 141	  99	 210	 128	 170	  97
       2	   2	 153	 224	  23	  53	 203	 138	  88	 139	  99	 196	 149	 171	 113
       2	   2	 127	 203	  21	  82	 232	 182	  54	 142	 100	 217	 125	 174	 101
       2	   2	 126	 201	  31	  70	 211	 171	  99	 141	 113	 193	 149	 189	  98
       2	   2	 134	 208	  25	  70	 217	 166	  84	 145	 108	 205	 146	 194	 113
       2	   2	 110	 188	  29	  94	 232	 199	  62	 138	 106	 221	 119	 173	  92
       2	   2	 140	 212	  29	  57	 201	 154	 106	 147	 108	 190	 158	 195	 112
       2	   2	 154	 223	  32	  47	 184	 131	 119	 146	 112	 183	 165	 194	 124
       2	   2	 142	 213	  32	  50	 191	 148	 123	 148	 109	 186	 163	 195	 114
       2	   2	 137	 211	  22	  64	 216	 164	  81	 144	  99	 201	 144	 178	 103
       2	   2	 170	 236	  27	  42	 183	 115	 100	 143	 103	 184	 154	 164	 121
       2	   2	 187	 227	  98	  39	  53	  92	 185	 158	 124	 177	 131	 166	 136
       2	   2	 174	 205	 132	  64	  19	 124	 180	 154	 125	 180	 103	 154	  95
       2	   2	  49	 126	  82	 146	 198	 228	 121	 100	 165	 183	  94	 134	  47
       2	   2	  40	 116	  93	 153	 189	 232	 134	  97	 179	 170	  89	 132	  45
       2	   2	  96	 175	  38	 103	 227	 209	  76	 134	 115	 217	 120	 176	  81
       2	   2	 163	 231	  28	  44	 186	 121	 107	 141	 106	 187	 156	 170	 125
       2	   2	 123	 199	  24	  85	 231	 184	  58	 140	 102	 220	 124	 173	 104
       2	   2	 111	 189	  28	  92	 231	 197	  63	 138	 105	 217	 119	 171	  90
       2	   2	 147	 219	  22	  59	 210	 152	  83	 146	 104	 194	 151	 186	 112
       2	   2	 196	 249	  45	  41	 144	  88	 101	 148	 112	 174	 136	 140	 132
       2	   2	 212	 232	 120	  84	  52	  97	 104	 153	 136	 175	  84	 109	 109
       2	   2	 208	 239	  97	  63	  70	  87	 123	 155	 132	 170	 104	 121	 104
       2	   2	 132	 207	  24	  70	 219	 170	  80	 145	 105	 203	 146	 190	 103
       2	   2	 135	 210	  23	  68	 219	 168	  77	 143	 102	 203	 139	 175	 101
       2	   2	 150	 221	  23	  58	 209	 149	  85	 147	 106	 194	 152	 188	 117
       2	   2	 116	 194	  25	  90	 234	 194	  56	 139	 103	 218	 119	 170	  93
       2	   2	 110	 188	  28	  97	 234	 198	  57	 136	 108	 225	 116	 170	  96
       2	   2	 148	 220	  20	  63	 214	 148	  67	 135	  97	 200	 137	 155	 103
       2	   2	 190	 223	 114	  54	  38	  99	 179	 159	 134	 183	 113	 153	 123
       2	   2	 202	 229	 111	  68	  52	  98	 129	 155	 130	 171	  96	 119	  94
       2	   2	 209	 241	  94	  59	  79	  83	 129	 151	 141	 177	 111	 131	 135
       2	   2	 180	 240	  27	  64	 200	 117	  45	 141	 119	 186	 108	 128	 148
       3	   3	  57	  49	  67	 211	  98	  43	 102	   9	 154	 155	 158	  85	  50
       3	   3	  55	  50	  68	 211	  98	  42	 102	   4	 153	 154	 159	  85	  52
       3	   3	  54	  50	  69	 211	  98	  41	 101	   2	 152	 152	 159	  84	  52
       3	   3	  52	  51	  72	 209	  98	  50	 104	   6	 154	 144	 156	  89	  56
       3	   3	  44	  53	  81	 205	 102	  69	 114	   9	 163	 128	 147	  94	  52
       3	   3	  41	  54	  84	 205	 103	  70	 117	   5	 164	 126	 146	  92	  51
       3	   3	  38	  55	  88	 203	 104	  77	 120	   6	 166	 120	 143	  95	  54
       3	   3	  72	  45	  54	 216	  94	  23	  91	  14	 143	 181	 167	  86	  62
       3	   3	  49	  52	  75	 208	 101	  52	 108	   2	 158	 143	 155	  85	  48
       3	   3	  44	  53	  81	 206	 102	  62	 113	   2	 161	 131	 151	  89	  52
       3	   3	  58	  49	  64	 212	  95	  36	  96	   5	 148	 157	 161	  86	  57
       3	   3	  63	  47	  60	 213	  93	  29	  92	   5	 144	 164	 164	  86	  62
       3	   3	  45	  53	  79	 207	 101	  57	 111	   0	 159	 135	 153	  87	  51
       3	   3	  25	  60	 108	 194	 117	 125	 148	  23	 191	  92	 123	 106	  43
       3	   3	 110	  36	  30	 219	  93	   9	  77	  52	 129	 226	 159	 106	  91
       3	   3	  96	  38	  33	 220	  86	   3	  70	  35	 127	 215	 169	 100	  89
       3	   3	  73	  44	  50	 216	  88	  18	  81	  13	 135	 178	 167	  88	  68
       3	   3	  84	  40	  40	 219	  85	   5	  71	  22	 129	 201	 171	  96	  86
       3	   3	 101	  36	  30	 219	  83	   2	  65	  40	 124	 218	 170	 103	  98
       3	   3	  91	  38	  35	 220	  83	   1	  66	  28	 124	 208	 172	 100	  94
       3	   3	  75	  43	  47	 217	  85	  13	  75	  15	 130	 182	 168	  94	  81
       3	   3	 116	  34	  28	 218	  92	  13	  74	  61	 126	 228	 158	 114	 106
       3	   3	 103	  36	  31	 219	  86	   5	  69	  46	 125	 220	 168	 108	 103
       3	   3	  77	  43	  47	 217	  86	  14	  77	  17	 132	 187	 170	  95	  84
       3	   3	  65	  46	  58	 213	  90	  27	  87	   9	 139	 164	 164	  90	  69
       3	   3	  78	  42	  46	 217	  86	  11	  75	  16	 130	 188	 171	  93	  83
       3	   3	  96	  37	  33	 219	  82	   1	  64	  34	 122	 213	 173	 104	 104
       3	   3	  71	  44	  53	 214	  88	  24	  83	  13	 137	 172	 166	  91	  74
       3	   3	 116	  40	  43	 218	 117	  32	 109	  67	 143	 227	 130	 116	  83
       3	   3	  99	  40	  41	 219	 102	  18	  93	  45	 141	 220	 154	 102	  79
       3	   3	  87	  41	  41	 220	  92	   7	  80	  26	 135	 210	 169	  94	  79
       3	   3	  69	  45	  54	 215	  92	  22	  87	  10	 141	 175	 166	  85	  61
       3	   3	  69	  45	  54	 215	  90	  20	  85	   9	 138	 175	 168	  87	  68
       3	   3	  73	  45	  52	 216	  92	  21	  87	  13	 141	 181	 166	  85	  62
       3	   3	  67	  48	  60	 215	  99	  30	  99	  12	 148	 176	 161	  86	  59
       3	   3	 134	  35	  34	 216	 112	  37	  98	  98	 134	 237	 127	 137	 116
       3	   3	 120	  36	  33	 217	 102	  20	  89	  65	 132	 230	 147	 115	 100
       3	   3	 112	  37	  35	 218	 101	  21	  89	  61	 136	 228	 152	 113	  96
       3	   3	 106	  38	  36	 219	  98	  16	  86	  51	 135	 225	 157	 106	  91
       3	   3	  95	  39	  38	 219	  93	  12	  81	  36	 134	 210	 163	  95	  76
       3	   3	  84	  42	  45	 217	  95	  20	  88	  26	 141	 195	 163	  89	  63
       3	   3	  95	  46	  54	 220	 118	  36	 117	  52	 151	 212	 133	 112	  78
       3	   3	 168	  31	  34	 209	 131	  67	 112	 148	 136	 237	  95	 158	 121
       3	   3	 189	  32	  41	 205	 144	  96	 125	 188	 137	 225	  74	 165	 107
       3	   3	 195	  33	  47	 202	 153	 101	 133	 189	 139	 224	  70	 163	 105
       3	   3	 157	  35	  40	 213	 134	  55	 119	 124	 138	 241	  99	 149	 114
       3	   3	 139	  34	  32	 216	 116	  41	 100	 107	 137	 240	 121	 139	 111
       3	   3	 124	  33	  27	 218	  97	  21	  80	  83	 129	 237	 146	 129	 117
       3	   3	 109	  40	  42	 218	 108	  26	  99	  59	 137	 221	 141	 115	  94
       3	   3	 154	  30	  27	 213	 112	  60	  93	 147	 131	 235	 113	 161	 135
       3	   3	 167	  31	  32	 211	 130	  72	 110	 160	 136	 234	  94	 162	 122
       3	   3	 175	  29	  32	 206	 128	  81	 108	 169	 135	 232	  96	 167	 134
       3	   3	 179	  28	  31	 204	 131	  78	 111	 163	 139	 237	  96	 159	 121
       3	   3	 185	  28	  34	 200	 136	  88	 115	 174	 141	 237	  94	 163	 127
       3	   3	 152	  25	  16	 210	  98	  38	  74	 120	 128	 247	 138	 143	 128
       3	   3	 147	  28	  21	 214	 102	  35	  80	 115	 127	 245	 134	 144	 130
       3	   3	 197	  16	  15	 192	 110	  98	  84	 201	 131	 227	  98	 169	 128
       3	   3	 206	  19	  31	 182	 125	 116	 101	 201	 131	 211	  87	 165	 120
       3	   3	 228	  23	  52	 170	 153	 127	 124	 198	 130	 202	  70	 152	  94
       3	   3	 226	  27	  59	 176	 161	 122	 132	 198	 128	 205	  66	 157	 101
       3	   3	 202	  32	  55	 191	 153	 116	 133	 195	 135	 212	  72	 166	 116
       3	   3	 165	  29	  30	 207	 124	  69	 106	 148	 139	 237	 105	 152	 116
       3	   3	 125	  34	  29	 218	 100	  25	  84	  86	 129	 234	 142	 131	 117
       4	   4	 169	 155	 214	 134	  38	 191	  61	 107	 132	 229	  55	 160	 193
       4	   4	 158	 147	 215	 131	  37	 197	  65	 105	 135	 230	  49	 165	 208
       4	   4	 158	 146	 217	 131	  39	 197	  63	 105	 133	 231	  52	 164	 210
       4	   4	 174	 151	 223	 139	  47	 188	  47	 108	 119	 228	  73	 168	 196
       4	   4	 166	 146	 223	 139	  48	 196	  44	 100	 137	 233	  64	 181	 186
       4	   4	 167	 135	 234	 140	  67	 194	  33	  98	 121	 227	 114	 214	 170
       4	   4	 170	 132	 237	 141	  77	 189	  29	 100	 114	 224	 124	 212	 167
       4	   4	 166	 142	 228	 139	  54	 195	  39	 101	 132	 235	  71	 181	 189
       4	   4	 162	 146	 219	 133	  42	 195	  58	 106	 128	 229	  55	 164	 205
       4	   4	 168	 148	 221	 136	  44	 193	  47	 104	 127	 230	  56	 162	 199
       4	   4	 159	 143	 221	 132	  45	 195	  59	 108	 122	 228	  73	 174	 206
       4	   4	 157	 141	 222	 132	  46	 195	  58	 107	 120	 228	  71	 175	 210
       4	   4	 183	 148	 228	 149	  62	 186	  32	 102	 129	 227	 104	 212	 143
       4	   4	 164	 142	 226	 141	  53	 199	  39	  98	 142	 233	  77	 199	 172
       4	   4	 153	 137	 223	 131	  50	 199	  54	 101	 122	 226	  68	 170	 219
       4	   4	 163	 148	 218	 135	  40	 196	  53	 102	 136	 230	  55	 181	 188
       4	   4	 181	 156	 220	 144	  47	 187	  38	 102	 136	 230	  58	 174	 171
       4	   4	 175	 147	 226	 145	  55	 192	  34	  99	 139	 233	  79	 198	 162
       4	   4	 164	 131	 236	 138	  71	 193	  31	  99	 118	 226	 117	 215	 172
       4	   4	 160	 135	 231	 136	  60	 198	  36	  97	 125	 228	  80	 184	 196
       4	   4	 157	 141	 223	 131	  46	 196	  58	 108	 122	 230	  72	 172	 212
       4	   4	 153	 144	 216	 126	  40	 196	  73	 112	 117	 226	  65	 159	 220
       4	   4	 147	 140	 216	 125	  41	 198	  76	 111	 119	 226	  67	 161	 223
       4	   4	 157	 140	 223	 129	  48	 193	  62	 112	 110	 227	  81	 167	 219
       4	   4	 175	 148	 225	 143	  51	 191	  36	 101	 132	 232	  66	 178	 178
       4	   4	 155	 140	 223	 135	  46	 202	  48	 100	 138	 233	  63	 183	 196
       4	   4	 151	 138	 222	 132	  45	 203	  54	 101	 137	 233	  63	 184	 202
       4	   4	 163	 139	 229	 139	  56	 196	  39	 101	 133	 234	  72	 183	 191
       4	   4	 165	 141	 228	 139	  56	 195	  41	 102	 134	 235	  73	 181	 191
       4	   4	 151	 137	 223	 132	  50	 203	  54	  98	 136	 230	  68	 184	 208
       4	   4	 139	 130	 223	 130	  53	 208	  59	  98	 138	 227	  71	 187	 215
       4	   4	 146	 131	 226	 128	  55	 202	  58	 104	 121	 227	  83	 180	 225
       4	   4	 152	 137	 223	 132	  50	 198	  60	 107	 125	 228	  76	 177	 212
       4	   4	 157	 142	 222	 132	  45	 196	  60	 108	 123	 229	  72	 174	 212
       4	   4	 163	 147	 218	 132	  40	 192	  61	 109	 120	 226	  69	 173	 204
       4	   4	 167	 142	 227	 140	  53	 194	  39	 101	 132	 233	  69	 183	 187
       4	   4	 154	 142	 218	 131	  42	 198	  62	 105	 131	 230	  53	 167	 215
       4	   4	 161	 145	 220	 133	  44	 194	  61	 108	 124	 228	  69	 173	 207
       4	   4	 174	 149	 223	 145	  52	 193	  37	  98	 144	 231	  72	 199	 159
       4	   4	 196	 147	 231	 161	  84	 175	  33	 108	 122	 216	 149	 230	 105
       4	   4	 185	 149	 227	 154	  68	 185	  34	 104	 134	 225	 126	 219	 126
       4	   4	 180	 148	 227	 148	  61	 188	  36	 103	 133	 229	 104	 212	 145
       4	   4	 170	 142	 228	 141	  59	 192	  39	 102	 133	 234	  74	 182	 183
       4	   4	 157	 137	 228	 135	  54	 200	  43	 101	 136	 236	  71	 184	 197
       4	   4	 144	 133	 223	 128	  51	 204	  63	 103	 124	 226	  79	 180	 223
       4	   4	 146	 134	 224	 129	  51	 202	  60	 103	 122	 225	  79	 181	 221
       4	   4	 145	 132	 226	 130	  53	 204	  54	 100	 128	 227	  83	 196	 212
       4	   4	 151	 134	 226	 132	  52	 200	  53	 104	 129	 232	  81	 194	 201
       4	   4	 136	 137	 212	 122	  38	 204	  86	 110	 126	 222	  56	 166	 227
       4	   4	 139	 130	 222	 125	  51	 203	  66	 105	 119	 223	  69	 168	 237
       4	   4	 157	 136	 227	 138	  57	 202	  39	  93	 136	 228	  80	 205	 183
       4	   4	 195	 139	 234	 159	 100	 167	  43	 120	  90	 197	 195	 192	 125
       4	   4	 201	 134	 234	 162	 116	 156	  49	 129	  71	 189	 200	 157	 143
       4	   4	 191	 124	 239	 148	 117	 160	  44	 118	  67	 192	 194	 170	 157
       4	   4	 184	 119	 244	 139	 117	 160	  41	 120	  65	 196	 194	 170	 164
       4	   4	 160	 119	 242	 132	  93	 183	  34	 108	 105	 219	 149	 213	 169
       4	   4	 142	 124	 231	 129	  64	 203	  42	  99	 129	 229	  82	 190	 214
       4	   4	 131	 123	 225	 126	  57	 209	  57	 100	 134	 225	  72	 192	 223
       4	   4	 125	 116	 227	 126	  70	 202	  52	 106	 140	 220	  89	 208	 211
       4	   4	 131	 108	 238	 121	  91	 185	  36	 116	 124	 218	 123	 216	 195
       5	   5	 116	  53	 249	  37	 181	  56	  48	 215	 151	 241	 109	 164	  85
       5	   5	  85	  51	 239	  42	 170	  61	  53	 240	 171	 218	  96	 136	  55
       5	   5	  91	  48	 236	  37	 171	  58	  53	 228	 179	 217	  91	 155	  54
       5	   5	  90	  49	 239	  36	 171	  56	  51	 236	 176	 222	  93	 146	  53
       5	   5	  85	  51	 239	  42	 170	  62	  54	 241	 176	 222	  97	 136	  53
       5	   5	  83	  51	 239	  42	 169	  61	  54	 243	 177	 221	  98	 134	  53
       5	   5	  71	  56	 238	  59	 165	  84	  66	 252	 165	 214	 128	  84	  84
       5	   5	  84	  60	 245	  63	 169	  90	  64	 240	 149	 226	 162	  83	 126
       5	   5	  78	  53	 238	  50	 166	  73	  59	 245	 170	 215	 105	 111	  60
       5	   5	  87	  50	 239	  40	 169	  62	  54	 237	 174	 219	  98	 133	  57
       5	   5	  78	  52	 237	  47	 166	  69	  59	 244	 178	 214	  98	 119	  54
       5	   5	  75	  54	 237	  52	 166	  76	  63	 247	 174	 214	 107	 105	  60
       5	   5	  69	  56	 236	  60	 162	  88	  69	 249	 167	 206	 127	  71	  89
       5	   5	  61	  59	 233	  72	 160	 105	  81	 249	 168	 200	 140	  49	 103
       5	   5	  85	  62	 246	  65	 167	  94	  63	 238	 144	 226	 165	  83	 132
       5	   5	  71	  55	 237	  58	 162	  81	  62	 252	 165	 207	 110	  91	  69
       5	   5	  79	  52	 236	  48	 164	  69	  56	 242	 172	 210	  98	 123	  61
       5	   5	  82	  51	 238	  44	 166	  63	  52	 244	 170	 213	  94	 125	  56
       5	   5	  72	  56	 238	  58	 165	  81	  64	 251	 163	 210	 113	  91	  72
       5	   5	  60	  59	 233	  72	 159	 105	  80	 251	 167	 199	 141	  46	 104
       5	   5	  58	  60	 233	  76	 158	 113	  84	 251	 167	 197	 158	  28	 118
       5	   5	  84	  62	 246	  65	 166	  94	  61	 240	 142	 225	 165	  81	 134
       5	   5	  66	  59	 237	  68	 161	  98	  74	 251	 161	 206	 140	  57	 104
       5	   5	  69	  56	 237	  61	 161	  87	  67	 252	 163	 206	 117	  77	  80
       5	   5	  73	  54	 236	  55	 161	  78	  61	 248	 167	 203	 103	  98	  69
       5	   5	  68	  56	 236	  62	 161	  89	  68	 251	 164	 204	 119	  75	  81
       5	   5	  65	  57	 235	  66	 160	  94	  72	 250	 166	 203	 120	  72	  83
       5	   5	  65	  58	 236	  68	 160	  99	  74	 252	 163	 203	 146	  50	 108
       5	   5	  75	  65	 242	  78	 161	 114	  72	 235	 147	 215	 185	  69	 142
       5	   5	  62	  59	 234	  71	 159	 102	  75	 254	 163	 201	 136	  56	  98
       5	   5	  71	  56	 237	  59	 161	  84	  64	 250	 165	 208	 114	  87	  78
       5	   5	  67	  56	 236	  61	 159	  88	  66	 254	 164	 202	 124	  70	  88
       5	   5	  69	  56	 237	  61	 160	  87	  64	 253	 161	 203	 126	  71	  88
       5	   5	  64	  56	 234	  63	 160	  90	  69	 255	 168	 201	 122	  72	  78
       5	   5	  68	  58	 237	  66	 164	  95	  73	 251	 163	 210	 137	  67	  96
       5	   5	  88	  63	 247	  66	 169	  93	  64	 233	 142	 229	 156	  98	 133
       5	   5	  61	  59	 234	  72	 159	 103	  77	 253	 164	 199	 137	  51	 102
       5	   5	  68	  57	 236	  64	 160	  94	  71	 248	 162	 201	 122	  69	  95
       5	   5	  68	  57	 236	  64	 159	  92	  70	 249	 162	 200	 121	  67	  91
       5	   5	  63	  58	 235	  68	 159	  95	  71	 254	 162	 201	 121	  68	  84
       5	   5	  71	  56	 237	  59	 161	  82	  61	 254	 160	 205	 120	  80	  81
       5	   5	  74	  55	 239	  56	 163	  78	  57	 253	 161	 212	 130	  90	  90
       5	   5	  61	  64	 235	  82	 157	 122	  82	 243	 161	 205	 178	  50	 129
       5	   5	  52	  61	 228	  82	 154	 123	  91	 248	 171	 188	 159	  19	 125
       5	   5	  47	  60	 224	  87	 152	 130	 100	 245	 179	 180	 154	  18	 119
       5	   5	  42	  61	 219	  93	 150	 139	 107	 241	 184	 171	 152	  13	 120
       5	   5	  51	  60	 227	  84	 152	 124	  91	 248	 170	 182	 157	  19	 125
       5	   5	  50	  61	 226	  85	 152	 126	  93	 248	 173	 182	 158	  15	 125
       5	   5	  54	  61	 230	  81	 154	 120	  88	 251	 168	 190	 158	  22	 123
       5	   5	  82	  67	 243	  78	 159	 118	  68	 219	 155	 220	 189	 107	 134
       5	   5	  71	  60	 240	  68	 165	  98	  73	 248	 161	 217	 157	  66	 113
       5	   5	  91	  54	 246	  45	 172	  66	  52	 241	 160	 231	 124	 122	  80
       5	   5	  99	  60	 249	  57	 174	  81	  58	 229	 137	 232	 143	 108	 122
       5	   5	 129	  79	 252	  94	 169	 122	  72	 186	 105	 222	 210	  98	 186
       5	   5	 112	  64	 252	  64	 176	  88	  59	 215	 125	 233	 169	 108	 150
       5	   5	  86	  57	 245	  53	 170	  76	  59	 242	 155	 228	 134	 104	  97
       6	   6	 185	  86	 154	 217	 240	  93	 216	 129	 157	 240	  39	 191	 167
       6	   6	 179	  93	 148	 231	 242	  80	 215	 120	 156	 236	  30	 193	 156
       6	   6	 176	  90	 146	 229	 241	  77	 219	 114	 156	 241	  25	 191	 153
       6	   6	 177	  90	 147	 228	 241	  79	 220	 114	 158	 243	  26	 189	 152
       6	   6	 176	  89	 143	 230	 241	  76	 221	 113	 159	 244	  25	 191	 152
       6	   6	 174	  87	 141	 229	 238	  75	 220	 110	 157	 242	  24	 189	 147
       6	   6	 169	  88	 139	 232	 239	  76	 223	 109	 163	 241	  22	 190	 147
       6	   6	 171	  86	 137	 230	 239	  76	 224	 113	 162	 245	  20	 192	 152
       6	   6	 177	  86	 141	 226	 239	  77	 220	 113	 157	 245	  21	 190	 150
       6	   6	 182	  85	 144	 223	 240	  80	 219	 117	 156	 245	  24	 189	 152
       6	   6	 185	  89	 146	 228	 244	  82	 217	 127	 157	 242	  29	 193	 158
       6	   6	 186	  95	 149	 233	 247	  84	 215	 131	 161	 239	  36	 197	 161
       6	   6	 165	 108	 150	 246	 246	  78	 214	 120	 167	 232	  33	 193	 185
       6	   6	 195	 132	 147	 252	 243	  96	 152	 173	 146	 163	  88	 172	 190
       6	   6	 174	 106	 162	 238	 248	  95	 218	 140	 165	 233	  56	 180	 217
       6	   6	 175	 108	 160	 241	 247	  91	 214	 137	 161	 229	  53	 180	 210
       6	   6	 173	 103	 160	 235	 245	  86	 218	 125	 161	 239	  33	 186	 187
       6	   6	 170	  99	 151	 236	 244	  80	 220	 117	 164	 240	  26	 192	 171
       6	   6	 159	 101	 144	 242	 243	  78	 220	 111	 172	 233	  26	 193	 166
       6	   6	 157	  94	 137	 239	 238	  75	 222	 101	 171	 231	  28	 189	 144
       6	   6	 162	  91	 137	 236	 238	  75	 222	 102	 167	 233	  23	 186	 138
       6	   6	 162	  92	 136	 239	 240	  73	 221	 105	 168	 234	  24	 190	 143
       6	   6	 161	  93	 135	 241	 240	  72	 219	 109	 165	 235	  22	 196	 153
       6	   6	 159	  97	 138	 241	 240	  74	 218	 104	 168	 228	  26	 190	 140
       6	   6	 158	 101	 141	 244	 243	  76	 217	 112	 168	 229	  26	 194	 164
       6	   6	 161	  95	 134	 243	 239	  70	 214	 109	 163	 230	  25	 196	 150
       6	   6	 160	  97	 135	 242	 235	  70	 209	 103	 158	 218	  24	 191	 136
       6	   6	 197	 111	 145	 244	 233	  81	 167	 145	 121	 176	  51	 184	 147
       6	   6	 188	  97	 165	 224	 246	 100	 212	 147	 154	 234	  55	 180	 202
       6	   6	 185	  95	 166	 221	 247	 103	 217	 148	 157	 233	  43	 185	 192
       6	   6	 189	  90	 153	 222	 245	  91	 216	 137	 160	 243	  39	 194	 169
       6	   6	 178	  89	 145	 229	 242	  79	 221	 117	 160	 244	  25	 193	 156
       6	   6	 168	  91	 141	 233	 238	  75	 221	 103	 164	 235	  26	 185	 138
       6	   6	 165	  90	 136	 236	 239	  73	 222	 108	 167	 240	  23	 194	 150
       6	   6	 170	  90	 140	 233	 238	  75	 220	 110	 163	 241	  26	 192	 150
       6	   6	 177	  89	 142	 230	 240	  76	 219	 114	 159	 243	  24	 192	 149
       6	   6	 173	  90	 141	 232	 240	  76	 220	 114	 162	 241	  24	 192	 151
       6	   6	 169	  92	 139	 236	 239	  73	 218	 110	 161	 238	  26	 193	 151
       6	   6	 174	  94	 143	 235	 240	  74	 216	 114	 159	 240	  26	 196	 156
       6	   6	 175	  97	 143	 239	 244	  75	 215	 119	 162	 238	  28	 199	 157
       6	   6	 161	  99	 139	 242	 240	  73	 215	 103	 170	 226	  30	 189	 138
       6	   6	 193	 108	 137	 246	 238	  93	 171	 168	 136	 175	  43	 206	 145
       6	   6	 189	  89	 155	 219	 243	  87	 216	 126	 156	 245	  34	 191	 157
       6	   6	 185	  86	 150	 219	 238	  80	 216	 114	 152	 245	  27	 186	 147
       6	   6	 179	  84	 142	 223	 240	  80	 222	 116	 159	 246	  24	 188	 152
       6	   6	 170	  80	 131	 225	 229	  78	 216	 110	 158	 238	  37	 181	 154
       6	   6	 157	  82	 123	 233	 231	  73	 221	  99	 170	 235	  34	 177	 138
       6	   6	 151	  77	 116	 232	 223	  77	 219	  97	 176	 227	  47	 165	 128
       6	   6	 159	  77	 122	 228	 228	  76	 223	  99	 170	 237	  32	 174	 134
       6	   6	 167	  79	 125	 228	 229	  73	 218	 101	 163	 236	  33	 174	 133
       6	   6	 172	  76	 123	 224	 227	  74	 216	 103	 162	 238	  47	 167	 139
       6	   6	 177	  79	 131	 223	 233	  78	 218	 110	 159	 240	  37	 176	 144
       6	   6	 194	  82	 146	 215	 242	  93	 215	 140	 156	 242	  36	 194	 163
       6	   6	 196	  87	 153	 217	 244	  93	 211	 141	 153	 241	  44	 192	 167
       6	   6	 176	  95	 146	 235	 241	  74	 215	 115	 155	 238	  30	 193	 155
       6	   6	 204	 113	 152	 242	 239	  86	 172	 155	 125	 182	  41	 187	 143
       6	   6	 177	  96	 151	 233	 244	  80	 218	 118	 163	 242	  30	 194	 160
       6	   6	 169	 101	 150	 239	 245	  81	 220	 118	 167	 238	  31	 192	 171
       6	   6	 170	  94	 146	 235	 243	  78	 222	 113	 167	 243	  28	 195	 157
       6	   6	 164	  91	 140	 234	 239	  77	 223	 102	 169	 234	  25	 186	 137
       6	   6	 152	  89	 129	 239	 236	  74	 224	 100	 176	 233	  26	 189	 139
       6	   6	 148	  82	 121	 236	 229	  75	 223	  98	 178	 233	  36	 180	 140
       6	   6	 150	  79	 117	 232	 224	  77	 219	  97	 178	 228	  50	 168	 131
       6	   6	 159	  80	 122	 232	 229	  75	 220	 100	 174	 238	  50	 171	 145
       6	   6	 161	  87	 135	 232	 236	  76	 225	 100	 170	 237	  24	 184	 136
       6	   6	 173	  88	 143	 229	 242	  81	 225	 115	 168	 247	  27	 194	 159
       6	   6	 175	  89	 144	 227	 239	  79	 220	 113	 161	 245	  26	 191	 154
       6	   6	 169	  90	 140	 233	 241	  77	 223	 112	 167	 243	  24	 193	 151
       6	   6	 163	 113	 151	 247	 244	  81	 208	 122	 166	 223	  48	 180	 195
       6	   6	 214	 142	 178	 240	 222	  94	 140	 163	 118	 178	 121	 127	 203
       6	   6	 218	 194	 148	 218	 188	 107	  62	 159	 207	 153	 163	 230	 126
       6	   6	 213	 193	 139	 219	 200	 103	  63	 164	 199	 141	 177	 206	 142
       6	   6	 215	 195	 143	 217	 192	 108	  59	 160	 209	 145	 181	 229	 124
       6	   6	 201	 172	 151	 236	 218	 106	 104	 180	 175	 144	 198	 163	 213
       6	   6	 176	 144	 145	 253	 248	 100	 155	 170	 181	 177	 105	 191	 250
       6	   6	 162	 130	 139	 254	 249	  87	 176	 143	 182	 194	  76	 196	 222
       6	   6	 164	 137	 142	 253	 248	  91	 170	 146	 186	 191	  94	 188	 234
       6	   6	 185	 151	 142	 249	 244	  98	 136	 174	 179	 165	 145	 190	 230
       6	   6	 193	 164	 147	 241	 231	 106	 116	 179	 180	 146	 191	 171	 218
       6	   6	 188	 157	 149	 246	 237	 106	 128	 179	 181	 153	 190	 176	 220
       6	   6	 205	 162	 161	 241	 223	 108	 118	 179	 170	 143	 203	 148	 190
       6	   6	 203	 155	 165	 243	 225	 111	 127	 183	 165	 150	 202	 156	 202
       6	   6	 179	 140	 146	 255	 250	  98	 159	 173	 175	 180	 104	 190	 248
       6	   6	 195	 125	 149	 252	 241	  88	 162	 163	 133	 169	  72	 169	 188
       6	   6	 211	 155	 192	 228	 191	 135	 115	 179	 156	 151	 241	 132	 132
       6	   6	 211	 173	 164	 233	 206	 114	  98	 178	 178	 146	 219	 173	 172
       6	   6	 205	 185	 142	 225	 211	 108	  81	 175	 189	 133	 204	 177	 175
       6	   6	 205	 184	 145	 223	 206	 110	  84	 175	 189	 135	 206	 174	 177
       6	   6	 205	 185	 145	 224	 206	 109	  83	 175	 188	 134	 206	 174	 180
       6	   6	 196	 180	 137	 228	 219	 107	  87	 174	 191	 137	 199	 189	 195
       6	   6	 198	 176	 142	 234	 223	 105	  97	 177	 185	 136	 193	 167	 203
       6	   6	 201	 173	 150	 234	 218	 108	 102	 179	 180	 136	 199	 161	 197
       6	   6	 198	 175	 145	 232	 219	 106	 100	 178	 180	 142	 195	 168	 216
       6	   6	 191	 173	 137	 235	 229	 105	  98	 176	 185	 137	 188	 177	 213
       6	   6	 186	 167	 135	 239	 236	 103	 106	 173	 187	 143	 165	 183	 214
       6	   6	 176	 161	 129	 241	 242	 101	 113	 166	 190	 152	 148	 199	 219
       6	   6	 173	 150	 136	 249	 245	 100	 135	 168	 181	 164	 105	 194	 235
       6	   6	 209	 108	 159	 234	 232	  81	 169	 144	 106	 181	  30	 185	 138
       7	   7	 191	  14	 160	  13	 167	  95	  62	 108	 196	 170	 124	 191	 138
       7	   7	 175	  19	 176	  10	 168	  81	  53	 120	 196	 169	 116	 203	 122
       7	   7	 151	  26	 198	   6	 169	  57	  37	 145	 189	 174	  99	 218	 105
       7	   7	 149	  27	 201	   6	 167	  53	  34	 149	 185	 175	  98	 221	 111
       7	   7	 161	  23	 191	   7	 168	  62	  39	 136	 187	 170	 102	 218	 113
       7	   7	 145	  28	 198	  12	 165	  60	  38	 149	 186	 171	  99	 219	 111
       7	   7	 135	  31	 210	   8	 169	  47	  33	 167	 189	 183	  95	 216	  94
       7	   7	 141	  28	 202	   8	 168	  54	  37	 155	 192	 176	  98	 218	 100
       7	   7	 155	  25	 194	   6	 170	  62	  44	 139	 197	 178	 106	 215	 109
       7	   7	 180	  21	 188	   4	 177	  68	  52	 126	 188	 186	 115	 201	 121
       7	   7	 201	  12	 152	  16	 167	 102	  68	 102	 193	 169	 128	 179	 144
       7	   7	 189	  15	 156	  20	 161	 100	  62	 108	 190	 162	 125	 192	 148
       7	   7	 156	  23	 186	  10	 166	  70	  44	 132	 196	 166	 105	 216	 115
       7	   7	 159	  23	 190	   8	 166	  65	  41	 135	 190	 170	 105	 217	 116
       7	   7	 162	  23	 192	   5	 169	  62	  41	 137	 188	 176	 107	 215	 115
       7	   7	 156	  26	 201	   4	 172	  54	  39	 145	 189	 185	 106	 215	 109
       7	   7	 152	  27	 205	   4	 172	  51	  38	 150	 189	 187	 105	 215	 108
       7	   7	 143	  30	 207	   9	 171	  54	  41	 155	 191	 187	 104	 214	 105
       7	   7	 149	  28	 207	   4	 173	  50	  38	 153	 190	 190	 103	 215	 103
       7	   7	 184	  24	 199	   3	 182	  60	  51	 129	 178	 198	 118	 194	 129
       7	   7	 189	  15	 161	  17	 168	 101	  72	 106	 199	 174	 130	 182	 149
       7	   7	 208	   8	 133	  26	 154	 117	  65	 102	 182	 156	 132	 172	 157
       7	   7	 194	  13	 156	  15	 164	  98	  61	 106	 193	 163	 123	 186	 142
       7	   7	 192	  14	 159	  15	 163	  93	  55	 110	 187	 161	 120	 195	 141
       7	   7	 194	  15	 168	  10	 168	  83	  52	 112	 180	 167	 115	 197	 138
       7	   7	 184	  20	 184	   6	 172	  68	  45	 123	 177	 175	 109	 206	 124
       7	   7	 181	  21	 188	   4	 173	  64	  44	 126	 177	 178	 109	 207	 122
       7	   7	 179	  19	 178	   7	 169	  75	  47	 121	 187	 170	 113	 206	 125
       7	   7	 173	  22	 190	   3	 172	  63	  43	 130	 184	 178	 108	 209	 119
       7	   7	 184	  21	 190	   4	 178	  65	  49	 127	 180	 186	 112	 202	 119
       7	   7	 171	  22	 193	   3	 179	  68	  58	 126	 200	 190	 118	 194	 120
       7	   7	 187	  16	 167	  11	 169	  89	  60	 111	 196	 170	 121	 193	 133
       7	   7	 186	  17	 173	   9	 171	  83	  57	 114	 192	 173	 118	 196	 131
       7	   7	 178	  19	 174	  13	 167	  84	  57	 115	 191	 168	 119	 200	 142
       7	   7	 175	  19	 179	   8	 167	  73	  45	 124	 185	 165	 108	 210	 127
       7	   7	 154	  26	 199	   6	 168	  54	  35	 146	 183	 176	 100	 220	 111
       7	   7	 136	  30	 203	  12	 165	  53	  33	 161	 184	 170	  89	 219	  92
       7	   7	 134	  28	 190	  19	 161	  72	  44	 146	 199	 157	  96	 218	 101
       7	   7	 143	  25	 181	  19	 158	  80	  47	 133	 199	 151	 102	 217	 115
       7	   7	 138	  30	 204	  10	 167	  54	  36	 158	 189	 176	  95	 216	  97
       7	   7	 158	  27	 206	   2	 178	  52	  44	 147	 193	 197	 110	 209	 105
       7	   7	 175	  21	 187	   4	 173	  68	  48	 125	 190	 180	 115	 205	 124
       7	   7	 158	  25	 201	   3	 173	  52	  37	 145	 186	 184	 104	 215	 109
       7	   7	 139	  30	 209	   7	 171	  47	  35	 162	 188	 184	  93	 217	  97
       7	   7	 154	  24	 186	  13	 163	  71	  43	 134	 189	 162	 106	 218	 125
       7	   7	 145	  26	 193	  11	 164	  64	  40	 144	 194	 167	 100	 219	 108
       7	   7	 146	  25	 181	  21	 157	  79	  44	 134	 188	 149	 101	 219	 123
       7	   7	 126	  30	 195	  20	 160	  67	  42	 154	 199	 158	  91	 219	  97
       7	   7	 126	  30	 192	  22	 158	  71	  41	 151	 195	 151	  89	 220	 100
       7	   7	 128	  32	 210	  13	 164	  49	  31	 171	 184	 176	  90	 216	  94
       7	   7	 148	  30	 214	   3	 179	  46	  41	 159	 192	 202	 106	 208	  97
       7	   7	 135	  31	 211	   8	 172	  49	  39	 165	 195	 189	  99	 211	  93
       7	   7	 102	  42	 227	  25	 162	  46	  29	 215	 166	 183	  85	 168	  78
       7	   7	  86	  47	 231	  39	 157	  57	  37	 235	 159	 184	  81	 139	  74
       7	   7	 141	  29	 206	   7	 168	  49	  31	 159	 183	 176	  94	 218	 101
       7	   7	 164	  19	 170	  16	 160	  87	  50	 121	 198	 154	 111	 213	 126
       7	   7	 164	  19	 171	  15	 159	  84	  47	 123	 195	 154	 109	 214	 126
       7	   7	 136	  28	 194	  15	 162	  65	  39	 149	 193	 160	  93	 219	 104
       7	   7	 117	  33	 199	  24	 158	  64	  39	 164	 192	 155	  84	 217	  92
       7	   7	 125	  33	 207	  17	 162	  53	  30	 172	 179	 165	  84	 215	  89
       7	   7	 180	  19	 183	   5	 174	  74	  55	 119	 194	 180	 118	 197	 131
       7	   7	 146	  29	 210	   3	 174	  46	  35	 158	 186	 189	 100	 213	 102
       7	   7	 100	  45	 235	  26	 166	  39	  27	 228	 161	 203	  83	 177	  67
       7	   7	  86	  52	 237	  45	 160	  63	  40	 240	 144	 193	  85	 125	  72
       7	   7	 138	  32	 219	   5	 172	  35	  25	 177	 174	 191	  91	 214	  93
       7	   7	 196	  12	 150	  20	 161	 101	  60	 107	 187	 159	 122	 189	 141
       7	   7	 186	  15	 156	  18	 160	  96	  56	 112	 190	 158	 119	 199	 133
       7	   7	 149	  24	 183	  15	 163	  77	  48	 134	 201	 161	 105	 214	 108
       7	   7	 118	  33	 198	  24	 157	  69	  41	 162	 191	 155	  87	 210	  94
       7	   7	 117	  35	 211	  20	 161	  51	  31	 180	 181	 169	  84	 211	  88
       7	   7	 220	   4	 109	  42	 148	 135	  71	  94	 172	 149	 138	 157	 163
       7	   7	 183	  25	 202	   3	 180	  51	  40	 138	 162	 192	 105	 203	 118
       7	   7	 159	  53	 246	  37	 182	  51	  34	 180	 102	 219	 111	 182	 115
       7	   7	 166	  51	 241	  38	 181	  48	  30	 171	  89	 207	  80	 203	 103
       7	   7	 159	  30	 217	   1	 175	  35	  23	 162	 159	 192	  97	 215	 109
       7	   7	 180	  17	 172	  10	 165	  80	  48	 118	 186	 162	 112	 207	 136
       7	   7	 202	  10	 144	  20	 159	 106	  61	 104	 186	 158	 126	 182	 151
       7	   7	 173	  15	 145	  32	 148	 113	  58	 110	 192	 140	 123	 202	 151
       7	   7	 139	  25	 181	  21	 157	  80	  45	 136	 197	 147	  98	 219	 114
       7	   7	 138	  29	 199	  13	 164	  58	  35	 156	 187	 166	  92	 218	  97
       8	   8	 238	   8	 110	  56	 166	 163	 104	 112	 169	 174	 139	 128	 128
       8	   8	 239	   7	 102	  61	 161	 152	 103	  94	 165	 176	 141	 124	 128
       8	   8	 240	   7	  92	  71	 161	 164	 110	 112	 172	 180	 136	 120	 113
       8	   8	 234	   7	  80	  85	 148	 173	 105	 131	 164	 173	 134	 130	 129
       8	   8	 240	   4	  71	  90	 144	 177	 103	 148	 163	 174	 127	 127	 107
       8	   8	 236	   5	  49	 119	 130	 168	  96	 185	 155	 189	 115	 142	 102
       8	   8	 232	   6	  39	 133	 126	 164	  98	 193	 152	 195	 112	 142	  95
       8	   8	 227	   9	  35	 145	 125	 156	 100	 197	 151	 205	 110	 145	  96
       8	   8	 235	   5	  44	 126	 129	 168	 100	 190	 157	 194	 113	 140	  96
       8	   8	 237	   2	  69	  84	 140	 173	  94	 135	 165	 170	 137	 132	 134
       8	   8	 233	   3	  92	  59	 149	 162	  91	 108	 171	 165	 142	 136	 144
       8	   8	 238	  17	 153	  34	 186	 122	  97	  87	 150	 184	 132	 131	 121
       8	   8	 227	  23	 180	  24	 192	  92	  82	  99	 142	 195	 129	 150	 141
       8	   8	 227	  26	 186	  25	 196	  88	  83	 101	 141	 202	 129	 150	 136
       8	   8	 246	  18	 144	  48	 185	 125	 102	  91	 135	 181	 124	 127	 117
       8	   8	 249	  18	 132	  61	 182	 131	 109	  93	 134	 183	 121	 125	 115
       8	   8	 249	  13	 113	  70	 172	 139	 109	  98	 138	 179	 122	 123	 119
       8	   8	 249	  14	 113	  73	 174	 139	 111	  98	 137	 181	 120	 123	 117
       8	   8	 249	  16	 106	  86	 173	 141	 118	 103	 135	 182	 117	 119	 107
       8	   8	 250	  16	  98	  95	 168	 142	 115	 132	 136	 186	 106	 129	  99
       8	   8	 248	  13	 110	  70	 169	 140	 107	  99	 140	 178	 122	 125	 115
       8	   8	 240	   7	 113	  50	 163	 142	  94	  91	 156	 170	 135	 131	 137
       8	   8	 241	   6	  82	  79	 155	 172	 108	 129	 170	 178	 135	 123	 113
       8	   8	 238	   7	  57	 116	 140	 172	 107	 183	 160	 189	 111	 134	  82
       8	   8	 242	   7	  75	  93	 151	 167	 111	 136	 158	 178	 122	 118	  90
       8	   8	 241	   7	  58	 115	 138	 159	 104	 161	 148	 185	 112	 126	  85
       8	   8	 232	   9	  45	 134	 131	 158	 103	 181	 151	 196	 111	 135	  91
       8	   8	 221	   8	  28	 153	 119	 152	  94	 202	 149	 206	 107	 149	  96
       8	   8	 228	   7	  32	 145	 122	 159	  97	 199	 150	 200	 110	 142	  91
       8	   8	 233	   8	  41	 139	 128	 160	 101	 195	 146	 195	 105	 142	  91
       8	   8	 230	   8	  43	 135	 126	 162	  98	 192	 144	 189	 106	 145	  98
       8	   8	 234	   6	  40	 130	 126	 162	  95	 183	 147	 185	 109	 134	  83
       8	   8	 230	   7	  42	 132	 124	 161	  96	 181	 146	 185	 113	 137	  96
       8	   8	 239	  12	 118	  59	 177	 163	 120	 113	 176	 188	 141	 121	 119
       8	   8	 243	  11	  91	  88	 168	 165	 123	 141	 173	 195	 125	 120	  93
       8	   8	 240	  11	 107	  66	 172	 166	 119	 117	 173	 185	 137	 122	 119
       8	   8	 242	  10	 105	  66	 172	 167	 118	 116	 173	 183	 135	 120	 113
       8	   8	 241	  11	 100	  78	 167	 175	 123	 134	 173	 184	 131	 117	  97
       8	   8	 240	  10	  80	 100	 158	 173	 122	 168	 171	 198	 116	 130	  92
       8	   8	 237	   8	  57	 119	 144	 173	 116	 182	 168	 200	 116	 131	  90
       8	   8	 231	   8	  49	 130	 138	 166	 112	 190	 165	 207	 113	 140	  98
       8	   8	 233	   7	  51	 123	 137	 167	 109	 187	 165	 204	 114	 141	 101
       8	   8	 234	   6	  46	 125	 133	 171	 105	 189	 162	 197	 115	 137	  93
       8	   8	 231	   7	  43	 132	 131	 163	 103	 192	 161	 206	 114	 143	 103
       8	   8	 234	  19	 148	  47	 193	 143	 122	  97	 174	 199	 140	 121	 110
       8	   8	 239	  16	 131	  56	 185	 156	 122	 110	 172	 193	 138	 123	 119
       8	   8	 237	  16	 137	  50	 186	 146	 118	  99	 171	 194	 139	 124	 119
       8	   8	 231	  15	 151	  30	 187	 129	 106	  84	 175	 193	 141	 129	 121
       8	   8	 232	  15	 141	  41	 184	 148	 112	 105	 175	 189	 141	 130	 129
       8	   8	 242	  16	 127	  61	 187	 157	 126	 113	 169	 192	 133	 120	 115
       8	   8	 244	  17	 114	  78	 185	 163	 134	 120	 168	 194	 129	 115	 107
       8	   8	 243	  19	 111	  91	 178	 162	 132	 156	 163	 199	 113	 128	  88
       8	   8	 235	  17	 123	  69	 180	 162	 126	 114	 166	 187	 133	 124	 123
       8	   8	 237	  14	 118	  64	 176	 163	 120	 114	 168	 183	 137	 124	 128
       8	   8	 241	  11	 118	  57	 176	 159	 115	 112	 169	 183	 136	 125	 129
       9	   9	 228	 223	 133	 164	 121	 101	  30	 144	 191	 153	  82	 110	  75
       9	   9	 230	 192	 188	 196	 109	 131	  42	 140	 173	 178	 131	 166	  46
       9	   9	 212	 154	 226	 183	 110	 165	  40	 115	 134	 206	 160	 207	  70
       9	   9	 185	 130	 242	 154	 109	 179	  40	 105	 118	 220	 167	 212	 118
       9	   9	 188	 137	 238	 158	  99	 181	  37	 103	 122	 218	 162	 214	 115
       9	   9	 224	 229	 117	 152	 138	  94	  28	 140	 193	 152	  83	 115	 109
       9	   9	 223	 183	 196	 195	 103	 148	  43	 129	 172	 187	 141	 193	  24
       9	   9	 203	 137	 233	 173	 129	 167	  57	 111	 119	 206	 197	 208	  92
       9	   9	 191	 137	 236	 163	 107	 181	  43	 104	 131	 215	 179	 222	  95
       9	   9	 175	 118	 247	 140	 119	 175	  45	 111	 110	 222	 193	 206	 130
       9	   9	 222	 228	 111	 158	 153	  92	  23	 141	 192	 148	  91	 120	 119
       9	   9	 224	 217	 132	 183	 153	  98	  29	 142	 197	 150	 126	 168	  84
       9	   9	 229	 186	 192	 204	 117	 135	  42	 137	 179	 180	 141	 194	  29
       9	   9	 219	 159	 217	 194	 115	 158	  49	 128	 132	 187	 176	 196	  25
       9	   9	 188	 122	 237	 162	 142	 160	  72	 137	  81	 187	 242	 123	 144
       9	   9	 222	 224	 115	 170	 160	  92	  25	 144	 186	 142	 117	 144	  98
       9	   9	 221	 178	 205	 191	  94	 155	  40	 126	 159	 193	 140	 197	  31
       9	   9	 217	 163	 219	 186	 105	 161	  40	 117	 144	 207	 154	 204	  71
       9	   9	 217	 170	 210	 190	 105	 158	  41	 119	 157	 198	 150	 203	  53
       9	   9	 203	 143	 232	 174	 112	 171	  43	 112	 132	 213	 179	 221	  76
       9	   9	 230	 221	 143	 162	 105	 105	  35	 143	 183	 160	  78	 108	  80
       9	   9	 215	 171	 215	 180	  84	 162	  41	 122	 141	 203	 125	 178	  61
       9	   9	 213	 164	 222	 175	  89	 164	  36	 116	 131	 214	 133	 186	 102
       9	   9	 221	 180	 202	 187	  90	 153	  40	 128	 149	 188	 126	 168	  38
       9	   9	 217	 156	 221	 190	 114	 159	  50	 127	 128	 194	 180	 200	  38
       9	   9	 212	 233	  88	 138	 164	  92	  17	 137	 182	 146	  81	 119	 124
       9	   9	 228	 226	 125	 166	 134	  95	  31	 146	 193	 153	 111	 157	  63
       9	   9	 233	 205	 175	 182	  97	 123	  37	 138	 185	 182	  90	 145	  66
       9	   9	 212	 179	 204	 172	  67	 164	  38	 120	 156	 202	  88	 154	  67
       9	   9	 196	 147	 233	 166	  94	 177	  37	 110	 129	 219	 151	 215	  98
       9	   9	 204	 232	  76	 138	 186	  94	  19	 139	 175	 145	 110	 148	 125
       9	   9	 145	 208	  34	 117	 238	 165	   5	 138	 137	 184	  89	 152	 134
       9	   9	 221	 245	  79	 113	 155	  83	  27	 141	 171	 164	  74	  94	 156
       9	   9	 204	 178	 206	 156	  55	 168	  39	 113	 148	 216	  61	 131	 136
       9	   9	 184	 149	 230	 150	  67	 185	  34	 106	 126	 228	  84	 151	 165
       9	   9	 165	 216	  49	 127	 224	 139	   8	 143	 158	 158	 107	 169	 142
       9	   9	 144	 206	  37	 120	 237	 166	   5	 137	 145	 180	  86	 157	 131
       9	   9	 231	 230	 122	 156	 134	  92	  27	 139	 198	 165	  90	 146	 117
       9	   9	 200	 166	 217	 167	  64	 176	  39	 114	 145	 212	  94	 162	  92
       9	   9	 199	 155	 225	 167	  83	 174	  38	 112	 124	 211	 134	 188	 115
       9	   9	 205	 232	  81	 136	 176	  98	  16	 137	 183	 146	  86	 123	 126
       9	   9	 229	 215	 158	 162	  90	 115	  38	 138	 191	 177	  52	  96	  86
       9	   9	 230	 198	 185	 185	  93	 130	  41	 139	 171	 182	 120	 166	  50
       9	   9	 220	 202	 177	 159	  65	 135	  40	 132	 171	 188	  50	 101	  88
       9	   9	 211	 180	 202	 172	  67	 163	  36	 121	 155	 197	  90	 151	  66
       9	   9	 209	 232	  84	 141	 176	  94	  16	 138	 186	 147	  87	 123	 130
       9	   9	 229	 219	 146	 166	 107	 107	  36	 144	 186	 159	  80	 107	  73
       9	   9	 229	 221	 140	 165	 114	 103	  32	 144	 187	 156	  79	 109	  75
       9	   9	 225	 222	 137	 153	 101	 106	  30	 141	 185	 159	  55	  87	  79
       9	   9	 222	 176	 208	 189	  94	 153	  40	 128	 141	 191	 133	 171	  45
       9	   9	 169	 215	  58	 132	 214	 132	   9	 135	 173	 147	  89	 139	 130
       9	   9	 227	 204	 175	 177	  90	 128	  38	 135	 189	 182	  86	 140	  63
       9	   9	 228	 202	 178	 179	  90	 130	  37	 136	 185	 181	  90	 140	  61
       9	   9	 222	 220	 133	 165	 119	 107	  29	 141	 197	 151	  85	 128	  58
       9	   9	 229	 194	 184	 197	 108	 131	  36	 138	 177	 173	 140	 189	  26
       9	   9	 225	 196	 188	 177	  84	 137	  45	 137	 170	 186	  91	 122	  78
       9	   9	 177	 138	 235	 151	  86	 190	  42	 101	 134	 227	 124	 182	 151
       9	   9	 201	 151	 230	 169	  93	 175	  39	 110	 136	 220	 155	 213	  95
       9	   9	 219	 194	 185	 175	  77	 146	  38	 128	 171	 186	  87	 141	  47
       9	   9	 218	 178	 206	 185	  85	 159	  37	 124	 155	 194	 137	 192	  30
       9	   9	 203	 176	 208	 157	  56	 169	  39	 112	 149	 215	  62	 131	 134
       9	   9	 166	 136	 233	 145	  73	 198	  39	  97	 140	 229	  99	 177	 168
       9	   9	 169	 126	 243	 144	  97	 187	  38	 105	 120	 225	 161	 212	 143
       9	   9	 182	 141	 234	 153	  83	 187	  37	 102	 127	 223	 122	 180	 146
       9	   9	 185	 132	 241	 155	 105	 180	  39	 105	 117	 219	 171	 209	 120
       9	   9	 224	 237	 110	 121	 106	  91	  43	 145	 171	 158	  58	  75	 104
       9	   9	 213	 192	 191	 151	  49	 152	  52	 128	 148	 205	  56	 101	 111
       9	   9	 202	 165	 218	 167	  73	 175	  37	 110	 148	 216	 104	 170	 109
       9	   9	 202	 163	 220	 166	  76	 174	  36	 110	 144	 217	 104	 172	 110
       9	   9	 191	 140	 235	 162	 100	 181	  40	 103	 130	 220	 159	 212	 110
10	  19	 231	 210	 172	 159	  77	 120	  52	 141	 173	 190	  64	  89	 115
      10	  19	 194	 191	 181	 119	  22	 154	 102	 137	 132	 211	  77	 135	 127
      10	  19	 161	 162	 198	 116	  21	 186	 110	 122	 129	 222	  81	 167	 180
      10	  19	 158	 170	 184	 102	  11	 177	 138	 129	 131	 215	  81	 170	 161
      10	  19	 141	 154	 193	 109	  17	 195	 128	 121	 132	 217	  66	 174	 189
      10	  19	 145	 152	 199	 117	  24	 194	 100	 117	 123	 205	  73	 166	 182
      10	  19	  98	 107	 219	 120	  77	 210	  90	 120	 143	 208	 105	 178	 240
      10	  19	 208	 166	 215	 182	  97	 162	  59	 123	 180	 213	 108	 164	  95
      10	  19	 226	 218	 155	 142	  79	 112	  70	 145	 178	 189	  67	  90	 120
      10	  19	 176	 184	 176	 103	  11	 161	 133	 137	 136	 212	  71	 149	 137
      10	  19	 225	 153	 212	 204	 146	 130	  69	 153	  96	 156	 210	 138	  84
      10	  19	 225	 160	 200	 204	 131	 133	  56	 147	  83	 142	 182	 139	  55
      10	  19	 226	 162	 209	 199	 117	 143	  44	 132	 112	 172	 162	 204	  39
      10	  19	 220	 176	 194	 191	  97	 144	  32	 130	 127	 164	 128	 177	  33
      10	  19	 178	 154	 218	 142	  44	 185	  37	 106	 115	 217	  58	 155	 185
      10	  19	 189	 177	 197	 133	  32	 169	  59	 116	 128	 211	  38	 114	 164
      10	  19	 166	 159	 208	 124	  29	 187	  85	 117	 119	 226	  80	 164	 192
      10	  19	 137	 114	 240	 126	  90	 191	  47	 115	 133	 228	 116	 168	 216
      10	  19	  78	  91	 221	 114	 100	 194	  81	 144	 149	 200	 111	 164	 224
      10	  19	 153	 131	 234	 131	  66	 197	  50	 107	 110	 225	 108	 166	 221
      10	  19	 209	 191	 189	 150	  59	 147	  71	 132	 172	 210	  53	  99	 136
      10	  19	 181	 172	 199	 127	  24	 175	  90	 127	 123	 216	  79	 148	 140
      10	  19	 174	 147	 227	 143	  56	 188	  39	 105	 124	 228	  73	 163	 197
      10	  19	 204	 174	 207	 167	  58	 171	  32	 112	 158	 202	  72	 166	  68
      10	  19	 169	 141	 229	 142	  59	 193	  34	 101	 127	 228	  77	 184	 181
      10	  19	 209	 147	 227	 184	 114	 163	  51	 125	 114	 187	 194	 202	  53
      10	  19	 213	 160	 215	 197	 124	 156	  66	 128	 183	 204	 168	 216	  47
      10	  19	 150	 108	 247	 128	 118	 175	  46	 119	 130	 224	 169	 204	 155
      10	  19	   2	  69	 160	 167	 140	 248	 204	 124	 246	  75	  86	 136	  92
      10	  19	   0	  70	 154	 172	 142	 254	 212	 110	 250	  67	  72	 160	  78
      10	  19	 220	 206	 172	 148	  68	 129	  66	 137	 178	 199	  49	  82	 120
      10	  19	 217	 209	 169	 133	  50	 129	  74	 140	 161	 198	  59	  96	 112
      10	  19	 166	 140	 229	 139	  57	 193	  38	 104	 121	 228	  73	 165	 198
      10	  19	 197	 139	 234	 161	  95	 166	  29	 114	  83	 196	 159	 214	 118
      10	  19	 185	 143	 234	 154	  81	 185	  38	 103	 141	 232	 124	 214	 134
      10	  19	 199	 147	 233	 168	  97	 174	  42	 109	 136	 224	 147	 219	 112
      10	  19	 173	 142	 229	 153	  77	 195	  47	  98	 166	 236	  98	 197	 140
      10	  19	 151	 111	 244	 135	 113	 188	  51	 109	 137	 223	 179	 215	 138
      10	  19	  18	  68	 187	 136	 132	 211	 150	 174	 213	 120	 125	  85	 137
      10	  19	   0	  70	 154	 172	 142	 254	 213	 110	 250	  67	  72	 161	  78
      10	  19	 223	 164	 201	 218	 161	 133	  86	 143	 182	 191	 183	 208	  54
      10	  19	 213	 194	 187	 150	  58	 144	  62	 133	 165	 203	  53	  89	 117
      10	  19	 123	 136	 203	 117	  35	 210	 121	 114	 142	 219	  77	 185	 205
      10	  19	 156	 151	 210	 126	  35	 196	  84	 111	 122	 215	  86	 161	 183
      10	  19	 117	 115	 226	 121	  71	 203	  72	 118	 125	 217	 107	 179	 244
      10	  19	 180	 131	 240	 152	 102	 183	  44	 102	 129	 223	 159	 219	 131
      10	  19	 201	 146	 227	 183	 118	 173	  66	 117	 165	 216	 174	 217	  53
      10	  19	 188	 133	 234	 170	 122	 179	  68	 115	 158	 220	 177	 215	  65
      10	  19	 174	 123	 244	 146	 114	 182	  51	 105	 133	 230	 170	 212	 136
      10	  19	  78	  89	 223	 114	 103	 191	  72	 145	 153	 199	 117	 177	 203
      10	  19	 225	 174	 186	 219	 161	 133	  76	 161	 188	 172	 185	 214	  69
      10	  19	 208	 201	 175	 129	  43	 136	  91	 140	 157	 207	  64	 110	 137
      10	  19	 158	 162	 196	 113	  19	 186	 117	 122	 133	 224	  75	 171	 183
      10	  19	 183	 157	 218	 152	  66	 185	  57	 106	 159	 229	  67	 140	 165
      10	  19	 177	 145	 230	 149	  65	 192	  43	 106	 146	 235	  81	 172	 151
      10	  19	 203	 154	 227	 177	  94	 173	  49	 115	 148	 213	 144	 211	  69
      10	  19	 221	 175	 207	 194	 109	 148	  57	 129	 184	 206	 139	 206	  62
      10	  19	 203	 150	 226	 182	 108	 173	  58	 117	 160	 214	 168	 218	  59
      10	  19	 200	 142	 230	 179	 119	 173	  64	 117	 157	 217	 174	 217	  58
      10	  19	 226	 178	 199	 206	 127	 138	  59	 136	 189	 195	 149	 204	  49
      10	  19	  99	  50	 228	  47	 147	  52	   9	 213	 100	 145	  42	 208	  99
      10	  19	 193	  87	 242	 117	 178	 110	  71	 141	  42	 191	 144	 128	 201
      10	  19	 202	 151	 228	 170	  93	 175	  38	 109	 138	 216	 163	 228	  85
      10	  19	 165	 145	 224	 134	  52	 195	  58	 106	 119	 226	  87	 152	 202
      10	  19	 118	 116	 225	 120	  67	 203	  71	 115	 126	 218	  92	 170	 248
      10	  19	 149	 128	 233	 132	  66	 201	  44	 101	 126	 229	  90	 168	 216
      10	  19	 183	 161	 216	 144	  47	 184	  63	 116	 140	 228	  63	 121	 163
      10	  19	 190	 174	 205	 138	  34	 176	  69	 121	 136	 222	  64	 125	 141
      10	  19	 185	 161	 219	 141	  51	 181	  59	 113	 128	 231	  79	 142	 188
      10	  19	 222	 201	 179	 171	  83	 134	  48	 129	 206	 199	  62	 134	  98

 

