
       1	   1	 119	  87	 132	 208
       1	   1	 120	  84	 129	 200
       1	   1	 119	  92	 134	 205
       1	   1	 117	  88	 137	 208
       1	   1	 116	 100	 139	 212
       1	   1	 112	  93	 141	 219
       1	   1	 110	  91	 144	 223
       1	   1	 113	  98	 140	 217
       1	   1	 118	  92	 134	 213
       1	   1	 119	 101	 134	 208
       1	   1	 121	  90	 131	 207
       1	   1	 120	  82	 131	 208
       1	   1	 118	  92	 133	 208
       1	   1	 117	  92	 132	 210
       1	   1	 118	  91	 131	 211
       1	   1	 118	  96	 129	 209
       1	   1	 119	  86	 123	 212
       1	   1	 122	  94	 125	 207
       1	   1	 123	  82	 123	 210
       1	   1	 122	  87	 123	 206
       1	   1	 121	  84	 125	 210
       1	   1	 119	  90	 127	 212
       1	   1	 116	  93	 132	 212
       1	   1	 114	  90	 136	 221
       1	   1	 117	  96	 131	 215
       1	   1	 118	  87	 125	 211
       1	   1	 119	  85	 125	 214
       1	   1	 121	  86	 122	 212
       1	   1	 121	  96	 125	 212
       1	   1	 119	  88	 125	 214
       1	   1	 120	  87	 123	 213
       1	   1	 121	  86	 122	 208
       1	   1	 122	  89	 122	 205
       1	   1	 123	  82	 120	 207
       1	   1	 121	  91	 130	 203
       1	   1	 122	  78	 126	 201
       1	   1	 124	  64	 121	 197
       1	   1	 125	  71	 119	 195
       1	   1	 124	  85	 124	 203
       1	   1	 121	  89	 129	 206
       1	   1	 121	  94	 131	 209
       1	   1	 120	  88	 130	 204
       1	   1	 121	  95	 129	 206
       1	   1	 122	  79	 125	 203
       1	   1	 127	  78	 117	 192
       1	   1	 127	  77	 117	 192
       1	   1	 125	  75	 118	 196
       1	   1	 125	  83	 118	 207
       1	   1	 124	  75	 117	 203
       1	   1	 123	  71	 117	 205
       1	   1	 125	  75	 116	 202
       1	   1	 119	 103	 131	 206
       1	   1	 120	  93	 132	 206
       1	   1	 120	  91	 131	 207
       1	   1	 120	  84	 129	 199
       1	   1	 121	  79	 129	 203
       1	   1	 122	  92	 129	 200
       1	   1	 122	  89	 128	 201
       1	   1	 120	  87	 129	 210
       1	   1	 120	  89	 128	 208
       1	   1	 126	  85	 123	 197
       1	   1	 127	  89	 119	 196
       1	   1	 126	  80	 118	 193
       1	   1	 127	  77	 119	 193
       1	   1	 126	  71	 117	 193
       1	   1	 126	  75	 118	 193
       1	   1	 126	  84	 120	 202
       1	   1	 122	  84	 124	 204
       1	   1	 124	  83	 125	 204
       1	   1	 125	  90	 121	 199
       1	   1	 125	  84	 124	 201
       1	   1	 125	  81	 122	 195
       1	   1	 126	  82	 119	 197
       1	   1	 126	  90	 119	 198
       1	   1	 126	  80	 119	 196
       1	   1	 127	  72	 116	 197
       1	   1	 129	  72	 113	 196
       1	   1	 130	  71	 113	 195
       1	   1	 128	  82	 117	 190
       1	   1	 127	  77	 117	 194
       1	   1	 127	  76	 116	 196
       1	   1	 128	  75	 116	 193
       1	   1	 128	  71	 119	 191
       1	   1	 127	  71	 120	 192
       1	   1	 126	  82	 122	 196
       1	   1	 126	  85	 119	 197
       1	   1	 125	  82	 121	 195
       1	   1	 126	  78	 123	 198
       1	   1	 127	  83	 120	 193
       1	   1	 127	  87	 121	 195
       1	   1	 126	  92	 122	 197
       1	   1	 127	  92	 122	 195
       1	   1	 127	  74	 119	 189
       1	   1	 127	  78	 115	 193
       1	   1	 127	  74	 116	 194
       1	   1	 128	  76	 115	 193
       1	   1	 128	  82	 115	 188
       1	   1	 129	  80	 114	 189
       1	   1	 130	  76	 113	 191
       1	   1	 128	  76	 115	 192
       1	   1	 128	  84	 116	 193
       1	   1	 128	  81	 116	 194
       1	   1	 123	  79	 119	 201
       1	   1	 124	  78	 122	 203
       1	   1	 123	  78	 120	 206
       1	   1	 124	  90	 119	 207
       1	   1	 125	  89	 118	 203
       1	   1	 124	  83	 120	 203
       1	   1	 124	  93	 121	 204
       1	   1	 125	  95	 118	 203
       1	   1	 124	  84	 119	 202
       1	   1	 126	  70	 115	 194
       1	   1	 128	  71	 111	 191
       1	   1	 131	  76	 109	 190
       1	   1	 130	  79	 110	 190
       1	   1	 131	  72	 108	 192
       1	   1	 130	  78	 109	 186
       1	   1	 130	  74	 108	 189
       1	   1	 129	  75	 110	 190
       1	   1	 124	  89	 119	 208
       1	   1	 123	  83	 116	 207
       1	   1	 125	  80	 113	 204
       1	   1	 124	  93	 115	 205
       1	   1	 124	  81	 118	 204
       1	   1	 122	  83	 121	 201
       1	   1	 123	  96	 123	 200
       1	   1	 123	  84	 125	 204
       1	   1	 126	  80	 122	 197
       1	   1	 128	  85	 115	 195
       1	   1	 129	  77	 112	 191
       1	   1	 130	  80	 112	 188
       1	   1	 129	  85	 115	 190
       1	   1	 128	  75	 114	 192
       1	   1	 128	  88	 114	 192
       1	   1	 129	  83	 113	 189
       1	   1	 128	  80	 114	 191
       2	   2	 113	 120	 152	 183
       2	   2	 112	 117	 146	 185
       2	   2	 112	 117	 145	 184
       2	   2	 114	 125	 145	 179
       2	   2	 113	 114	 148	 178
       2	   2	 110	 117	 153	 181
       2	   2	 109	 115	 155	 183
       2	   2	 110	 118	 153	 181
       2	   2	 115	 118	 147	 186
       2	   2	 118	 114	 145	 188
       2	   2	 118	 120	 142	 181
       2	   2	 114	 122	 145	 182
       2	   2	 109	 115	 153	 181
       2	   2	 108	 119	 154	 180
       2	   2	 111	 116	 150	 179
       2	   2	 110	 128	 154	 178
       2	   2	 105	 121	 158	 182
       2	   2	 108	 120	 155	 180
       2	   2	 111	 116	 152	 181
       2	   2	 114	 122	 147	 184
       2	   2	 120	 117	 140	 181
       2	   2	 119	 125	 142	 178
       2	   2	 111	 116	 150	 177
       2	   2	 111	 115	 151	 178
       2	   2	 111	 117	 152	 180
       2	   2	 109	 117	 154	 184
       2	   2	 109	 120	 155	 184
       2	   2	 107	 119	 158	 184
       2	   2	 107	 116	 156	 184
       2	   2	 111	 115	 150	 188
       2	   2	 119	 127	 144	 183
       2	   2	 123	 118	 136	 175
       2	   2	 118	 121	 141	 179
       2	   2	 118	 119	 141	 178
       2	   2	 116	 117	 142	 179
       2	   2	 113	 118	 145	 181
       2	   2	 112	 117	 146	 183
       2	   2	 114	 124	 146	 180
       2	   2	 112	 120	 149	 184
       2	   2	 113	 120	 147	 185
       2	   2	 112	 114	 151	 189
       2	   2	 117	 118	 144	 182
       2	   2	 115	 118	 145	 182
       2	   2	 116	 128	 146	 182
       2	   2	 114	 124	 146	 179
       2	   2	 109	 119	 153	 180
       2	   2	 106	 120	 155	 180
       2	   2	 110	 121	 153	 176
       2	   2	 113	 121	 151	 174
       2	   2	 107	 113	 156	 180
       2	   2	 109	 114	 154	 186
       2	   2	 113	 122	 148	 185
       2	   2	 110	 118	 153	 183
       2	   2	 107	 119	 156	 181
       2	   2	 113	 128	 151	 176
       2	   2	 110	 124	 153	 179
       2	   2	 113	 129	 150	 173
       2	   2	 108	 123	 156	 177
       2	   2	 109	 125	 155	 175
       2	   2	 105	 124	 159	 180
       2	   2	 107	 113	 157	 189
       2	   2	 106	 123	 158	 186
       2	   2	  97	 115	 166	 190
       2	   2	  92	  99	 172	 195
       2	   2	 107	 126	 155	 180
       2	   2	 116	 121	 146	 174
       2	   2	 116	 120	 146	 174
       2	   2	 109	 120	 154	 177
       2	   2	 107	 129	 157	 179
       2	   2	 105	 121	 157	 181
       2	   2	 115	 117	 147	 185
       2	   2	 107	 112	 157	 184
       2	   2	  95	 130	 169	 194
       2	   2	  90	  98	 172	 202
       2	   2	 104	 122	 158	 185
       2	   2	 119	 123	 139	 179
       2	   2	 118	 125	 141	 178
       2	   2	 112	 121	 151	 177
       2	   2	 107	 121	 157	 178
       2	   2	 104	 124	 161	 183
       2	   2	 126	 112	 130	 172
       2	   2	 110	 116	 148	 185
       2	   2	 100	 118	 156	 201
       2	   2	 100	 110	 153	 194
       2	   2	 106	 116	 154	 184
       2	   2	 116	 124	 144	 177
       2	   2	 121	 121	 139	 177
       2	   2	 122	 134	 140	 171
       2	   2	 113	 118	 151	 173
       2	   2	 109	 123	 154	 178
       2	   2	 121	 109	 139	 180
       2	   2	 118	 107	 138	 184
       2	   2	 106	  96	 148	 201
       2	   2	 111	 101	 142	 186
       2	   2	 113	 126	 144	 179
       2	   2	 116	 119	 145	 181
       2	   2	 117	 116	 143	 180
       2	   2	 120	 128	 140	 174
       2	   2	 116	 125	 149	 173
       2	   2	 112	 120	 150	 182
       2	   2	 124	 104	 131	 175
       2	   2	 124	 111	 132	 176
       2	   2	 121	  99	 134	 182
       2	   2	 124	 117	 134	 173
       2	   2	 119	 126	 143	 177
       2	   2	 118	 118	 143	 180
       2	   2	 122	 116	 141	 177
       2	   2	 127	 116	 133	 170
       2	   2	 127	 118	 135	 172
       2	   2	 122	 107	 138	 176
       3	   3	 102	  35	 113	 233
       3	   3	  94	  34	 125	 238
       3	   3	 100	  36	 116	 235
       3	   3	 109	  33	 105	 232
       3	   3	 110	  31	 102	 231
       3	   3	 106	  28	 109	 236
       3	   3	 110	  27	 103	 235
       3	   3	 112	  35	  99	 232
       3	   3	 109	  31	 105	 232
       3	   3	 106	  32	 109	 233
       3	   3	 110	  30	 104	 236
       3	   3	 115	  39	  97	 228
       3	   3	 114	  31	  96	 226
       3	   3	 112	  33	 101	 233
       3	   3	 112	  29	 100	 236
       3	   3	 113	  37	  99	 229
       3	   3	 111	  30	  99	 232
       3	   3	 116	  39	  95	 227
       3	   3	 100	  33	 115	 234
       3	   3	 100	  33	 116	 234
       3	   3	 108	  40	 107	 228
       3	   3	 116	  38	  93	 225
       3	   3	 120	  30	  88	 221
       3	   3	 111	  29	 101	 230
       3	   3	 101	  34	 116	 234
       3	   3	 110	  32	 101	 231
       3	   3	 109	  25	 103	 235
       3	   3	 105	  31	 109	 235
       3	   3	 102	  33	 113	 234
       3	   3	 110	  29	 102	 231
       3	   3	 117	  28	  95	 229
       3	   3	 121	  31	  89	 224
       3	   3	 118	  31	  92	 229
       3	   3	 110	  31	 103	 234
       3	   3	 114	  32	  98	 230
       3	   3	 111	  28	 104	 234
       3	   3	 100	  31	 117	 242
       3	   3	  96	  27	 124	 246
       3	   3	  99	  30	 118	 240
       3	   3	  96	  31	 121	 237
       3	   3	 101	  36	 117	 235
       3	   3	 106	  20	 108	 241
       3	   3	 112	  22	  97	 238
       3	   3	 119	  31	  91	 227
       3	   3	 107	  21	 108	 242
       3	   3	 104	  27	 111	 238
       3	   3	 107	  22	 108	 240
       3	   3	 110	  24	 102	 237
       3	   3	 115	  33	  97	 232
       3	   3	 117	  34	  91	 224
       3	   3	 112	  37	 100	 230
       3	   3	 117	  32	  93	 224
       3	   3	 112	  26	 101	 235
       3	   3	 110	  32	 104	 232
       3	   3	 111	  38	 102	 227
       3	   3	 111	  28	 101	 226
       3	   3	 115	  37	  95	 226
       3	   3	  92	  35	 128	 235
       3	   3	  79	  46	 147	 234
       3	   3	 114	  39	  98	 226
       3	   3	 115	  23	  97	 234
       3	   3	 115	  28	  98	 229
       3	   3	 120	  29	  90	 225
       3	   3	 112	  32	  98	 234
       3	   3	 110	  31	 103	 234
       3	   3	 110	  26	 102	 237
       3	   3	 114	  33	  98	 231
       3	   3	 109	  30	 106	 233
       3	   3	  93	  37	 127	 234
       3	   3	  88	  42	 135	 233
       3	   3	  88	  46	 138	 235
       3	   3	 101	  44	 119	 227
       3	   3	 102	  36	 118	 237
       3	   3	 123	  23	  88	 229
       3	   3	 117	  25	  92	 230
       3	   3	 109	  25	 104	 237
       3	   3	  95	  32	 123	 237
       3	   3	 108	  35	 102	 232
       3	   3	 132	   5	  72	 220
       3	   3	 134	  13	  67	 222
       3	   3	 122	  25	  88	 228
       3	   3	 110	  30	 105	 233
       3	   3	 118	  35	  93	 223
       3	   3	 120	  34	  89	 224
       3	   3	 113	  32	  98	 230
       3	   3	 104	  39	 112	 226
       3	   3	  94	  54	 128	 222
       3	   3	  96	  47	 124	 224
       3	   3	  96	  38	 122	 235
       3	   3	  99	  35	 118	 233
       3	   3	  90	  40	 130	 231
       3	   3	 107	  35	 108	 231
       3	   3	 112	  32	 102	 232
       3	   3	 101	  30	 115	 238
       3	   3	 100	  32	 116	 238
       3	   3	  99	  27	 116	 236
       3	   3	 115	  35	  96	 231
       3	   3	 114	  34	  96	 231
       3	   3	 113	  35	  99	 232
       3	   3	 120	  37	  90	 225
       3	   3	 121	  32	  89	 224
       3	   3	 114	  32	  97	 227
       3	   3	  92	  42	 130	 235
       3	   3	  94	  47	 128	 224
       3	   3	  97	  46	 124	 232
       3	   3	 112	  38	 103	 225
       3	   3	 111	  40	 103	 228
       3	   3	 101	  29	 114	 237
       3	   3	 113	  30	  98	 233
       3	   3	 107	  24	 106	 236
       3	   3	 106	  26	 108	 240
       3	   3	 109	  33	 105	 231
       3	   3	  89	  44	 136	 231
       3	   3	  93	  44	 127	 231
       3	   3	 110	  31	 102	 231
       3	   3	 119	  38	  92	 227
       3	   3	 119	  33	  93	 227
       3	   3	 117	  31	  95	 228
       3	   3	 119	  30	  92	 228
       3	   3	 110	  28	 105	 231
       3	   3	  85	  49	 139	 230
       3	   3	  88	  48	 136	 232
       3	   3	 109	  43	 108	 228
       3	   3	  93	  35	 128	 236
       3	   3	  99	  39	 119	 233
       3	   3	 115	  35	  97	 222
       3	   3	 112	  33	  99	 230
       3	   3	 111	  30	 101	 232
       3	   3	 111	  25	 100	 235
       3	   3	 117	  32	  92	 223
       3	   3	 109	  30	 103	 233
       3	   3	  95	  35	 123	 234
       3	   3	 103	  35	 114	 233
       3	   3	 108	  33	 109	 235
       3	   3	 106	  29	 109	 242
       3	   3	 111	  26	 102	 235
       3	   3	 108	  30	 107	 236
       3	   3	 101	  33	 116	 234
       3	   3	  89	  40	 132	 233
       3	   3	 102	  46	 116	 229
       3	   3	 122	  29	  92	 221
       3	   3	 113	  31	 101	 230
       3	   3	  96	  38	 124	 236
       3	   3	  97	  37	 121	 233
       3	   3	 108	  28	 105	 231
       3	   3	 111	  29	 103	 232
       3	   3	 116	  34	  93	 226
       3	   3	 119	  33	  91	 223
       3	   3	 113	  33	 100	 230
       3	   3	 102	  32	 113	 234
       3	   3	 109	  39	 108	 231
       3	   3	 117	  35	  96	 223
       3	   3	 116	  30	  97	 229
       3	   3	 115	  33	  96	 230
       3	   3	 107	  28	 109	 234
       3	   3	 105	  42	 112	 226
       3	   3	 103	  29	 114	 236
       3	   3	 121	  25	  90	 231
       3	   3	 121	  30	  90	 227
       3	   3	 100	  30	 118	 240
       3	   3	 105	  29	 110	 237
       3	   3	  94	  39	 125	 233
       3	   3	 108	  29	 104	 240
       3	   3	 113	  31	  99	 234
       3	   3	 111	  28	 101	 235
       3	   3	 116	  32	  97	 228
       3	   3	 105	  40	 112	 232
       3	   3	  87	  42	 136	 236
       3	   3	 103	  31	 111	 235
       3	   3	 117	  27	  94	 229
       3	   3	 124	  28	  84	 223
       3	   3	 117	  35	  93	 225
       3	   3	 101	  36	 115	 231
       3	   3	 105	  37	 113	 234
       3	   3	 114	  35	  99	 228
       3	   3	 118	  33	  93	 223
       3	   3	 125	  31	  83	 222
       3	   3	 111	  30	 102	 236
       3	   3	 117	  38	  96	 223
       3	   3	 119	  35	  93	 223
       3	   3	 102	  36	 118	 236
       3	   3	 115	  35	 100	 225
       3	   3	  99	  26	 119	 243
       3	   3	 101	  23	 117	 237
       3	   3	 110	  30	 105	 233
       3	   3	 106	  32	 108	 233
       3	   3	 102	  36	 115	 232
       3	   3	  91	  38	 132	 237
       3	   3	  94	  40	 125	 231
       3	   3	 107	  31	 108	 230
       3	   3	 113	  29	  99	 231
       3	   3	 115	  31	  97	 228
       3	   3	 114	  28	  97	 231
       3	   3	 119	  27	  94	 230
       3	   3	 125	  19	  82	 219
       3	   3	 108	  33	 106	 231
       3	   3	  98	  29	 121	 241
       3	   3	 116	  30	  98	 230
       4	   4	  88	  59	 147	 213
       4	   4	  87	  62	 150	 212
       4	   4	  90	  69	 147	 210
       4	   4	  86	  66	 153	 213
       4	   4	  84	  49	 152	 216
       4	   4	  85	  58	 149	 217
       4	   4	  88	  64	 147	 213
       4	   4	  88	  73	 150	 213
       4	   4	  87	  66	 152	 209
       4	   4	  85	  55	 153	 214
       4	   4	  84	  56	 152	 219
       4	   4	  83	  62	 154	 222
       4	   4	  82	  61	 155	 222
       4	   4	  83	  63	 152	 219
       4	   4	  85	  59	 150	 213
       4	   4	  85	  62	 150	 215
       4	   4	  85	  57	 151	 218
       4	   4	  85	  57	 148	 220
       4	   4	  85	  54	 148	 217
       4	   4	  87	  58	 147	 217
       4	   4	  88	  61	 149	 213
       4	   4	  83	  65	 153	 217
       4	   4	  83	  60	 153	 218
       4	   4	  86	  65	 152	 215
       4	   4	  86	  66	 152	 216
       4	   4	  84	  54	 153	 218
       4	   4	  83	  56	 156	 217
       4	   4	  82	  51	 155	 218
       4	   4	  84	  61	 153	 217
       4	   4	  84	  61	 151	 218
       4	   4	  85	  56	 149	 216
       4	   4	  87	  65	 150	 214
       4	   4	  91	  75	 146	 210
       4	   4	  95	  86	 143	 210
       4	   4	  93	  71	 143	 210
       4	   4	  91	  68	 144	 210
       4	   4	  87	  65	 149	 213
       4	   4	  87	  63	 149	 213
       4	   4	  84	  56	 151	 216
       4	   4	  84	  56	 150	 218
       4	   4	  87	  65	 149	 213
       4	   4	  93	  76	 144	 210
       4	   4	  91	  76	 147	 211
       4	   4	  89	  72	 148	 212
       4	   4	  87	  65	 151	 215
       4	   4	  84	  62	 154	 216
       4	   4	  81	  45	 155	 221
       4	   4	  82	  54	 155	 217
       4	   4	  82	  54	 156	 218
       4	   4	  83	  65	 153	 219
       4	   4	  85	  66	 154	 214
       4	   4	  85	  66	 154	 214
       4	   4	  88	  67	 150	 214
       4	   4	  91	  66	 145	 209
       4	   4	  83	  53	 150	 218
       4	   4	  81	  57	 153	 219
       4	   4	  79	  59	 156	 224
       4	   4	  80	  54	 156	 219
       4	   4	  85	  61	 154	 211
       4	   4	  94	  78	 145	 207
       4	   4	  96	  80	 142	 208
       4	   4	  95	  71	 146	 206
       4	   4	  93	  69	 147	 207
       4	   4	  88	  78	 154	 209
       4	   4	  83	  58	 158	 214
       4	   4	  80	  52	 157	 217
       4	   4	  81	  68	 159	 213
       4	   4	  82	  72	 159	 208
       4	   4	  83	  74	 158	 210
       4	   4	  81	  64	 159	 214
       4	   4	  82	  63	 158	 211
       4	   4	  90	  72	 150	 208
       4	   4	  82	  55	 152	 221
       4	   4	  80	  56	 153	 223
       4	   4	  79	  63	 157	 224
       4	   4	  81	  57	 159	 218
       4	   4	  79	  54	 158	 221
       4	   4	  79	  51	 159	 222
       4	   4	  78	  51	 163	 221
       4	   4	  78	  56	 162	 218
       4	   4	  78	  57	 162	 221
       4	   4	  80	  58	 160	 215
       4	   4	  79	  53	 159	 223
       4	   4	  80	  58	 156	 223
       4	   4	  79	  50	 159	 220
       4	   4	  78	  59	 163	 214
       4	   4	  77	  59	 163	 223
       4	   4	  77	  60	 161	 218
       4	   4	  77	  58	 161	 220
       4	   4	  79	  47	 157	 218
       5	   5	  97	  77	 151	 215
       5	   5	 102	  84	 150	 215
       5	   5	 100	  73	 148	 213
       5	   5	  98	  74	 150	 214
       5	   5	  98	  75	 153	 215
       5	   5	  99	  83	 153	 218
       5	   5	 100	  84	 150	 217
       5	   5	  98	  70	 146	 213
       5	   5	 100	  83	 143	 214
       5	   5	  97	  75	 148	 215
       5	   5	  99	  78	 151	 212
       5	   5	  98	  70	 149	 213
       5	   5	  99	  68	 149	 214
       5	   5	 102	  80	 148	 216
       5	   5	 103	  82	 148	 216
       5	   5	 102	  87	 151	 215
       5	   5	  98	  81	 152	 214
       5	   5	  98	  71	 147	 211
       5	   5	  98	  75	 149	 214
       5	   5	  97	  80	 151	 218
       5	   5	  97	  81	 152	 218
       5	   5	  98	  71	 150	 215
       5	   5	  98	  73	 152	 215
       5	   5	  99	  78	 154	 219
       5	   5	  98	  76	 153	 214
       5	   5	  95	  70	 151	 214
       5	   5	  94	  67	 147	 215
       5	   5	  97	  76	 150	 215
       5	   5	  98	  76	 151	 212
       5	   5	  99	  75	 147	 214
       5	   5	  99	  74	 148	 211
       5	   5	  99	  74	 148	 216
       5	   5	  99	  82	 153	 218
       5	   5	  97	  87	 157	 220
       5	   5	  96	  77	 152	 215
       5	   5	  94	  67	 148	 215
       5	   5	  94	  75	 157	 215
       5	   5	  96	  83	 153	 215
       5	   5	  96	  73	 151	 216
       5	   5	  97	  71	 151	 213
       5	   5	  98	  79	 152	 219
       5	   5	  99	  86	 154	 220
       5	   5	  97	  82	 156	 221
       5	   5	  98	  75	 152	 216
       5	   5	  96	  85	 151	 213
       5	   5	  99	  77	 151	 213
       5	   5	  99	  82	 154	 220
       5	   5	  97	  80	 154	 216
       5	   5	  96	  73	 155	 216
       5	   5	  94	  81	 156	 220
       5	   5	  98	  82	 156	 217
       5	   5	  98	  83	 155	 220
       5	   5	  96	  75	 153	 215
       5	   5	  92	  67	 151	 217
       5	   5	 103	  88	 147	 212
       5	   5	 100	  90	 157	 217
       5	   5	  95	  87	 162	 223
       5	   5	  97	  90	 159	 220
       5	   5	  96	  79	 159	 221
       5	   5	 100	  89	 153	 218
       5	   5	 102	  84	 150	 216
       5	   5	  99	  71	 146	 213
       5	   5	  98	  70	 139	 213
       5	   6	  96	  61	 149	 221
       5	   6	  91	  64	 151	 217
       5	   6	  89	  66	 151	 219
       5	   6	  95	  76	 144	 215
       5	   6	 100	  85	 138	 210
       5	   6	 100	  69	 141	 216
       5	   6	  99	  78	 146	 209
       5	   6	  91	  74	 155	 218
       5	   6	  91	  75	 155	 217
       5	   6	  92	  64	 149	 218
       5	   6	  95	  69	 151	 218
       5	   6	  95	  79	 153	 217
       5	   6	  95	  73	 150	 218
       5	   6	  96	  72	 143	 216
       5	   6	  88	  62	 153	 217
       5	   6	  93	  68	 153	 219
       5	   6	  95	  71	 151	 218
       5	   6	  96	  75	 147	 214
       5	   6	  97	  81	 139	 199
       5	   6	  92	  71	 142	 213
       5	   6	  94	  60	 147	 220
       5	   6	  93	  65	 151	 216
       5	   6	  96	  69	 143	 217
       5	   6	 101	  73	 135	 216
       5	   6	 105	  64	 126	 219
       5	   6	  92	  64	 151	 219
       5	   6	  90	  72	 155	 218
       5	   6	  91	  54	 150	 220
       5	   6	  94	  61	 144	 219
       5	   6	  95	  56	 141	 220
       5	   6	  96	  69	 142	 219
       5	   6	  93	  70	 146	 217
       5	   6	  92	  54	 149	 220
       5	   6	  96	  61	 142	 220
       5	   6	 101	  72	 138	 215
       5	   6	  98	  59	 137	 224
       5	   6	  92	  58	 146	 222
       5	   6	  93	  60	 145	 225
       5	   6	  99	  67	 139	 219
       5	   6	 104	  63	 127	 220
       6	   7	 137	 105	 116	 168
       6	   7	 136	 109	 117	 168
       6	   7	 138	 109	 116	 169
       6	   7	 138	 110	 118	 168
       6	   7	 136	 106	 119	 170
       6	   7	 139	 114	 117	 166
       6	   7	 141	 120	 114	 162
       6	   7	 141	 117	 114	 163
       6	   7	 140	 115	 115	 162
       6	   7	 139	 113	 117	 164
       6	   7	 138	 115	 119	 166
       6	   7	 138	 112	 118	 165
       6	   7	 138	 112	 118	 163
       6	   7	 136	 113	 120	 166
       6	   7	 136	 105	 121	 168
       6	   7	 137	 116	 118	 165
       6	   7	 141	 120	 114	 161
       6	   7	 145	 120	 109	 157
       6	   7	 147	 120	 106	 154
       6	   7	 149	 130	 105	 148
       6	   7	 149	 128	 105	 150
       6	   7	 139	 116	 114	 165
       6	   7	 139	 116	 115	 163
       6	   7	 141	 123	 115	 162
       6	   7	 141	 111	 113	 162
       6	   7	 142	 111	 112	 161
       6	   7	 142	 112	 113	 157
       6	   7	 144	 117	 110	 157
       6	   7	 145	 118	 109	 157
       6	   7	 143	 116	 112	 159
       6	   7	 140	 116	 116	 163
       6	   7	 139	 114	 118	 165
       6	   7	 142	 120	 115	 160
       6	   7	 144	 118	 112	 157
       6	   7	 143	 122	 113	 159
       6	   7	 140	 117	 116	 161
       6	   7	 140	 122	 117	 161
       6	   7	 143	 121	 112	 159
       6	   7	 146	 115	 107	 153
       6	   7	 148	 118	 105	 149
       6	   7	 148	 117	 104	 150
       6	   7	 148	 121	 104	 151
       6	   7	 132	  99	 120	 174
       6	   7	 136	 105	 117	 171
       6	   7	 137	 107	 115	 172
       6	   7	 140	 110	 113	 165
       6	   7	 143	 117	 111	 159
       6	   7	 144	 119	 110	 159
       6	   7	 143	 111	 112	 159
       6	   7	 142	 112	 113	 160
       6	   7	 142	 118	 113	 161
       6	   7	 141	 117	 116	 162
       6	   7	 141	 119	 117	 163
       6	   7	 142	 119	 113	 161
       6	   7	 145	 121	 110	 156
       6	   7	 145	 120	 109	 156
       6	   7	 144	 126	 112	 158
       6	   7	 141	 114	 114	 162
       6	   7	 143	 116	 112	 160
       6	   7	 146	 119	 108	 156
       6	   7	 148	 118	 105	 152
       6	   7	 149	 125	 105	 149
       6	   7	 151	 121	  99	 145
       6	   7	 132	  98	 120	 178
       6	   7	 138	 104	 114	 170
       6	   7	 140	 111	 112	 164
       6	   7	 142	 113	 109	 161
       6	   7	 145	 118	 107	 157
       6	   7	 145	 112	 110	 156
       6	   7	 143	 111	 111	 162
       6	   7	 141	 114	 113	 162
       6	   7	 140	 116	 115	 162
       6	   7	 139	 116	 116	 163
       6	   7	 140	 120	 115	 161
       6	   7	 141	 119	 114	 158
       6	   7	 142	 122	 114	 158
       6	   7	 142	 115	 113	 159
       6	   7	 140	 116	 115	 164
       6	   7	 136	 102	 119	 166
       6	   7	 137	 104	 119	 165
       6	   7	 142	 116	 111	 157
       6	   7	 149	 126	 102	 151
       6	   7	 153	 127	  96	 144
       6	   7	 154	 128	  94	 139
       6	   7	 141	 111	 111	 163
       6	   7	 144	 113	 109	 161
       6	   7	 144	 121	 110	 159
       6	   7	 144	 117	 109	 157
       6	   7	 143	 121	 111	 159
       6	   7	 144	 118	 110	 157
       6	   7	 145	 117	 109	 158
       6	   7	 145	 123	 111	 157
       6	   7	 142	 123	 115	 159
       6	   7	 139	 111	 117	 165
       6	   7	 139	 116	 121	 163
       6	   7	 142	 124	 116	 160
       6	   7	 145	 123	 111	 154
       6	   7	 146	 121	 108	 155
       6	   7	 141	 117	 114	 160
       6	   7	 136	 116	 121	 165
       6	   7	 135	 110	 123	 166
       6	   7	 138	 107	 118	 161
       6	   7	 146	 123	 106	 152
       6	   7	 158	 128	  91	 131
       6	   7	 166	 131	  81	 125
       6	   7	 144	 122	 109	 156
       6	   7	 142	 117	 113	 159
       6	   7	 139	 116	 116	 164
       6	   7	 140	 111	 115	 163
       6	   7	 142	 112	 113	 163
       6	   7	 143	 121	 112	 158
       6	   7	 144	 126	 113	 157
       6	   7	 141	 105	 115	 161
       6	   7	 140	 109	 117	 162
       6	   7	 139	 110	 118	 163
       6	   7	 140	 117	 117	 161
       6	   7	 143	 122	 113	 160
       6	   7	 146	 123	 112	 155
       6	   7	 145	 121	 110	 155
       6	   7	 142	 120	 113	 159
       6	   7	 139	 116	 118	 159
       6	   7	 139	 116	 119	 160
       6	   7	 144	 125	 109	 153
       6	   7	 149	 124	 102	 143
       6	   7	 155	 137	  92	 135
       6	   7	 139	 118	 105	 149
       6	   7	 140	 120	 111	 154
       6	   7	 141	 120	 112	 156
       6	   7	 142	 117	 111	 158
       6	   7	 143	 114	 110	 157
       6	   7	 145	 127	 110	 153
       6	   7	 148	 124	 105	 148
       6	   7	 147	 131	 107	 149
       6	   7	 145	 130	 111	 151
       6	   7	 143	 125	 111	 153
       6	   7	 142	 130	 115	 155
       6	   7	 141	 114	 113	 158
       6	   7	 143	 121	 113	 156
       6	   7	 146	 123	 111	 153
       6	   7	 144	 113	 112	 156
       6	   7	 144	 119	 111	 157
       6	   7	 142	 119	 114	 158
       6	   7	 141	 118	 114	 158
       6	   7	 146	 125	 107	 150
       6	   7	 150	 125	 101	 145
       6	   7	 153	 133	  98	 140
       6	   7	 155	 126	  91	 136
       6	   7	 143	 128	 109	 150
       6	   7	 143	 127	 111	 152
       6	   7	 143	 119	 109	 154
       6	   7	 144	 124	 110	 154
       6	   7	 145	 129	 109	 152
       6	   7	 147	 127	 107	 150
       6	   7	 147	 129	 107	 151
       6	   7	 145	 127	 110	 153
       6	   7	 141	 117	 113	 159
       6	   7	 139	 125	 118	 159
       6	   7	 139	 114	 115	 161
       6	   7	 142	 123	 115	 159
       6	   7	 143	 123	 113	 157
       6	   7	 141	 117	 115	 160
       6	   7	 140	 112	 114	 163
       6	   7	 140	 117	 114	 160
       6	   7	 141	 112	 112	 160
       6	   7	 143	 121	 110	 155
       6	   7	 145	 121	 107	 153
       6	   7	 148	 124	 102	 152
       6	   7	 149	 127	 100	 147
       6	   7	 144	 131	 106	 147
       6	   7	 144	 126	 107	 151
       6	   7	 145	 119	 105	 151
       6	   7	 145	 130	 109	 150
       6	   7	 144	 125	 108	 152
       6	   7	 146	 126	 108	 153
       6	   7	 146	 127	 107	 153
       6	   7	 144	 121	 108	 155
       6	   7	 138	 112	 116	 163
       6	   7	 136	 106	 120	 164
       6	   7	 138	 113	 117	 164
       6	   7	 140	 121	 116	 162
       6	   7	 140	 118	 115	 161
       6	   7	 138	 111	 120	 163
       6	   7	 137	 108	 118	 167
       6	   7	 139	 119	 115	 161
       6	   7	 141	 114	 112	 161
       6	   7	 140	 114	 112	 161
       6	   7	 140	 116	 113	 161
       6	   7	 142	 120	 111	 157
       6	   7	 142	 122	 110	 156
       6	   7	 142	 120	 108	 157
       6	   7	 142	 115	 108	 158
       6	   7	 140	 117	 111	 160
       6	   7	 139	 124	 113	 157
       6	   7	 144	 122	 107	 152
       6	   7	 148	 120	 102	 150
       6	   7	 147	 119	 104	 151
       6	   7	 144	 121	 108	 154
       6	   7	 144	 123	 110	 156
       6	   7	 146	 121	 105	 154
       6	   7	 150	 128	 103	 149
       6	   7	 150	 122	 100	 147
       6	   7	 147	 118	 107	 151
       6	   7	 143	 124	 111	 156
       6	   7	 141	 115	 111	 161
       6	   7	 144	 126	 111	 157
       6	   7	 144	 113	 108	 154
       6	   7	 143	 115	 109	 159
       6	   7	 145	 119	 107	 154
       6	   7	 149	 117	 101	 148
       6	   7	 152	 128	  98	 145
       6	   7	 135	 113	 115	 165
       6	   7	 134	 108	 114	 167
       6	   7	 133	 114	 116	 168
       6	   7	 133	 110	 117	 169
       6	   7	 135	 109	 112	 165
       6	   7	 140	 120	 109	 158
       6	   7	 140	 115	 107	 160
       6	   7	 141	 118	 108	 156
       6	   7	 142	 118	 106	 159
       6	   7	 143	 120	 105	 159
       6	   7	 143	 118	 105	 162
       6	   7	 137	 110	 111	 166
       6	   7	 134	 105	 114	 168
       6	   7	 140	 120	 111	 165
       6	   7	 136	 105	 115	 170
       6	   7	 138	 114	 114	 167
       6	   7	 142	 114	 108	 159
       6	   7	 141	 112	 109	 161
       6	   7	 140	 116	 110	 162
       6	   7	 139	 115	 110	 160
       6	   7	 144	 119	 103	 156
       7	   8	 129	 103	 132	 178
       7	   8	 127	 101	 132	 180
       7	   8	 129	 100	 130	 179
       7	   8	 130	  96	 128	 180
       7	   8	 132	 104	 127	 174
       7	   8	 133	 104	 126	 173
       7	   8	 136	 117	 121	 169
       7	   8	 138	 114	 118	 169
       7	   8	 139	 107	 117	 168
       7	   8	 137	 114	 119	 170
       7	   8	 133	 108	 124	 172
       7	   8	 130	 106	 130	 174
       7	   8	 133	 105	 126	 171
       7	   8	 141	 114	 115	 163
       7	   8	 146	 113	 108	 160
       7	   8	 147	 121	 108	 157
       7	   8	 145	 117	 109	 161
       7	   8	 141	 118	 116	 164
       7	   8	 140	 113	 114	 164
       7	   8	 140	 107	 115	 163
       7	   8	 140	 111	 112	 162
       7	   8	 123	  99	 136	 183
       7	   8	 121	  96	 138	 186
       7	   8	 117	 101	 143	 189
       7	   8	 116	  98	 143	 192
       7	   8	 122	  94	 135	 185
       7	   8	 124	  95	 132	 182
       7	   8	 127	  97	 129	 179
       7	   8	 127	  96	 129	 180
       7	   8	 129	  93	 126	 180
       7	   8	 129	 104	 125	 180
       7	   8	 127	  96	 129	 180
       7	   8	 127	 104	 131	 178
       7	   8	 127	  97	 130	 180
       7	   8	 134	 107	 119	 172
       7	   8	 137	 107	 117	 169
       7	   8	 136	 110	 117	 169
       7	   8	 130	 101	 126	 173
       7	   8	 127	 106	 131	 179
       7	   8	 127	 102	 130	 177
       7	   8	 130	 100	 126	 176
       7	   8	 129	  98	 125	 175
       7	   8	 128	 101	 132	 180
       7	   8	 131	  97	 126	 177
       7	   8	 134	 107	 122	 172
       7	   8	 132	 100	 124	 175
       7	   8	 135	 111	 119	 173
       7	   8	 137	 111	 117	 171
       7	   8	 140	 109	 114	 165
       7	   8	 140	 113	 116	 168
       7	   8	 138	 114	 117	 168
       7	   8	 137	 115	 118	 167
       7	   8	 138	 107	 116	 167
       7	   8	 138	 115	 116	 169
       7	   8	 138	 110	 117	 168
       7	   8	 140	 111	 115	 165
       7	   8	 139	 119	 117	 164
       7	   8	 135	 103	 117	 170
       7	   8	 134	 102	 122	 172
       7	   8	 131	 101	 125	 177
       7	   8	 131	 100	 125	 177
       7	   8	 133	 106	 120	 174
       7	   8	 131	 104	 121	 174
       7	   8	 123	  94	 138	 188
       7	   8	 127	  96	 133	 185
       7	   8	 130	 100	 125	 184
       7	   8	 128	  97	 131	 183
       7	   8	 128	  94	 130	 182
       7	   8	 129	  98	 131	 182
       7	   8	 132	 105	 128	 179
       7	   8	 136	 110	 122	 175
       7	   8	 137	 106	 121	 172
       7	   8	 136	 108	 122	 172
       7	   8	 137	 109	 120	 172
       7	   8	 137	 108	 120	 169
       7	   8	 138	 109	 118	 172
       7	   8	 138	 109	 119	 172
       7	   8	 136	 110	 122	 172
       7	   8	 134	 113	 123	 173
       7	   8	 132	 104	 127	 175
       7	   8	 130	  96	 129	 180
       7	   8	 132	 103	 125	 178
       7	   8	 137	 107	 119	 173
       7	   8	 133	 102	 122	 175
       7	   8	 122	  90	 137	 191
       7	   8	 122	  88	 138	 192
       7	   8	 125	  94	 135	 187
       7	   8	 124	  95	 136	 189
       7	   8	 122	  92	 139	 189
       7	   8	 123	  98	 138	 187
       7	   8	 125	  92	 133	 187
       7	   8	 128	  90	 130	 186
       7	   8	 127	 104	 132	 184
       7	   8	 126	  99	 133	 184
       7	   8	 127	 101	 132	 183
       7	   8	 127	  98	 132	 182
       7	   8	 128	  98	 131	 184
       7	   8	 128	  92	 130	 184
       7	   8	 127	  94	 132	 185
       7	   8	 125	  95	 134	 188
       7	   8	 123	  89	 135	 191
       7	   8	 122	  90	 137	 194
       7	   8	 121	  91	 138	 195
       7	   8	 126	  92	 132	 191
       7	   8	 130	  95	 127	 181
       7	   8	 127	  95	 135	 185
       7	   8	 127	  92	 133	 187
       7	   8	 124	  95	 136	 189
       7	   8	 114	 108	 149	 199
       7	   8	 112	 105	 151	 197
       7	   8	 126	 101	 133	 184
       7	   8	 130	  98	 131	 183
       7	   8	 128	  99	 134	 185
       7	   8	 128	  97	 131	 181
       7	   8	 129	 100	 129	 182
       7	   8	 129	 103	 132	 180
       7	   8	 128	 100	 131	 181
       7	   8	 130	 105	 130	 182
       7	   8	 126	  96	 133	 187
       7	   8	 124	  93	 135	 189
       7	   8	 124	  88	 134	 189
       7	   8	 125	  92	 133	 189
       7	   8	 126	 100	 134	 185
       7	   8	 127	  97	 131	 187
       7	   8	 127	  92	 131	 186
       7	   8	 130	 109	 126	 182
       8	   9	 129	 114	 135	 176
       8	   9	 126	 114	 139	 181
       8	   9	 118	 118	 149	 190
       8	   9	 102	 115	 167	 192
       8	   9	  89	 110	 182	 206
       8	   9	  74	 126	 205	 225
       8	   9	  64	 124	 215	 237
       8	   9	  65	  99	 211	 231
       8	   9	 131	 115	 134	 172
       8	   9	 129	 115	 137	 176
       8	   9	 121	 128	 146	 183
       8	   9	 100	 118	 169	 191
       8	   9	  89	 107	 182	 208
       8	   9	  79	 119	 200	 225
       8	   9	  69	 125	 209	 232
       8	   9	  68	 117	 206	 232
       8	   9	 127	 114	 137	 179
       8	   9	 124	 115	 143	 186
       8	   9	 113	 113	 156	 188
       8	   9	  90	 101	 181	 206
       8	   9	  71	 126	 206	 231
       8	   9	  69	 123	 210	 235
       8	   9	  67	 122	 211	 237
       8	   9	  66	 122	 208	 237
       8	   9	 122	 116	 147	 184
       8	   9	 121	 126	 147	 187
       8	   9	 114	 123	 156	 188
       8	   9	  90	 104	 183	 211
       8	   9	  67	 121	 208	 235
       8	   9	  66	 121	 209	 229
       8	   9	  65	 124	 210	 233
       8	   9	  67	 119	 206	 233
       8	   9	 112	 109	 159	 193
       8	   9	 110	 117	 159	 189
       8	   9	 107	 120	 163	 188
       8	   9	  82	 119	 195	 214
       8	   9	  63	 101	 213	 227
       8	   9	  61	 113	 220	 230
       8	   9	  65	 104	 206	 229
       8	   9	  68	 119	 206	 230
       8	   9	 123	 116	 144	 184
       8	   9	 122	 119	 142	 187
       8	   9	 109	 117	 159	 188
       8	   9	  82	 113	 195	 216
       8	   9	  65	 119	 211	 233
       8	   9	  64	 122	 211	 229
       8	   9	  74	 125	 203	 220
       8	   9	  94	 107	 172	 201
       8	   9	 129	 114	 134	 174
       8	   9	 133	 115	 128	 166
       8	   9	 125	 117	 138	 178
       8	   9	 103	 119	 164	 186
       8	   9	  84	 114	 189	 210
       8	   9	  78	 127	 200	 215
       8	   9	 100	 113	 163	 185
       8	   9	 127	 130	 132	 168
       8	   9	 126	 113	 140	 181
       8	   9	 132	 106	 129	 170
       8	   9	 132	 114	 130	 171
       8	   9	 127	 114	 132	 171
       8	   9	 116	 125	 146	 173
       8	   9	  97	 108	 169	 190
       8	   9	 101	 110	 164	 182
       8	   9	 126	 117	 129	 163
       8	   9	 124	 113	 141	 180
       8	   9	 128	 109	 134	 175
       8	   9	 130	 110	 132	 172
       8	   9	 128	 118	 133	 170
       8	   9	 125	 128	 134	 168
       8	   9	 102	 117	 162	 185
       8	   9	  93	 107	 174	 201
       8	   9	 114	 125	 147	 178
       8	   9	 114	 116	 152	 192
       8	   9	 116	 116	 151	 190
       8	   9	 118	 119	 149	 188
       8	   9	 111	 111	 154	 182
       8	   9	 111	 123	 154	 181
       8	   9	  96	 108	 170	 197
       8	   9	  84	 101	 188	 206
       8	   9	 104	 117	 159	 180
       8	   9	 102	 113	 168	 194
       8	   9	 104	 114	 166	 193
       8	   9	 104	 118	 167	 189
       8	   9	  96	 118	 175	 199
       8	   9	  93	 109	 177	 202
       8	   9	  82	 113	 193	 212
       8	   9	  80	 115	 195	 215
       8	   9	 100	 115	 166	 189
       8	   9	  93	 107	 179	 208
       8	   9	  91	 108	 179	 206
       8	   9	  89	 116	 185	 206
       8	   9	  75	 139	 204	 225
       8	   9	  68	 120	 209	 231
       8	   9	  68	 125	 207	 229
       8	   9	  78	 130	 198	 220
       8	   9	 104	 122	 163	 182
       9	  10	 166	 105	  74	 136
       9	  10	 159	 105	  84	 144
       9	  10	 159	 103	  83	 144
       9	  10	 157	  99	  83	 146
       9	  10	 154	 103	  92	 153
       9	  10	 147	 101	  99	 157
       9	  10	 151	  98	  94	 156
       9	  10	 155	 105	  91	 148
       9	  10	 155	  97	  87	 154
       9	  10	 157	  92	  82	 153
       9	  10	 159	  92	  77	 157
       9	  10	 157	 102	  80	 155
       9	  10	 152	  87	  85	 158
       9	  10	 155	 104	  86	 155
       9	  10	 156	  91	  86	 149
       9	  10	 153	 106	  89	 150
       9	  10	 148	  98	  96	 163
       9	  10	 147	  99	  95	 164
       9	  10	 152	  95	  92	 159
       9	  10	 174	 121	  69	 132
       9	  10	 163	 107	  78	 146
       9	  10	 159	 102	  82	 148
       9	  10	 157	  97	  84	 149
       9	  10	 154	 100	  91	 148
       9	  10	 153	 115	  97	 154
       9	  10	 153	 106	  96	 153
       9	  10	 157	 105	  92	 145
       9	  10	 157	 100	  90	 144
       9	  10	 155	 108	  92	 151
       9	  10	 155	 101	  90	 155
       9	  10	 152	  94	  89	 154
       9	  10	 152	  88	  93	 153
       9	  10	 152	 101	  95	 157
       9	  10	 154	 104	  87	 156
       9	  10	 154	 102	  88	 155
       9	  10	 153	 105	  90	 154
       9	  10	 152	 100	  90	 157
       9	  10	 153	  88	  90	 153
       9	  10	 171	 123	  73	 124
       9	  10	 171	 130	  72	 126
       9	  10	 172	 115	  69	 131
       9	  10	 171	 112	  69	 135
       9	  10	 170	 125	  72	 132
       9	  10	 167	 124	  78	 128
       9	  10	 162	 111	  84	 135
       9	  10	 162	 121	  90	 134
       9	  10	 161	 119	  92	 139
       9	  10	 161	 113	  87	 141
       9	  10	 160	 126	  88	 142
       9	  10	 158	 119	  90	 140
       9	  10	 155	 106	  93	 149
       9	  10	 151	 102	  98	 154
       9	  10	 152	 100	  91	 155
       9	  10	 152	  90	  94	 156
       9	  10	 148	 109	  98	 163
       9	  10	 145	 110	 103	 164
       9	  10	 149	 106	  99	 153
       9	  10	 183	 136	  58	 115
       9	  10	 186	 132	  55	 117
       9	  10	 181	 117	  58	 124
       9	  10	 176	 120	  64	 127
       9	  10	 178	 124	  63	 123
       9	  10	 181	 132	  60	 117
       9	  10	 179	 127	  62	 120
       9	  10	 179	 136	  63	 117
       9	  10	 175	 121	  67	 121
       9	  10	 174	 128	  71	 126
       9	  10	 174	 131	  70	 125
       9	  10	 175	 132	  68	 124
       9	  10	 174	 123	  69	 124
       9	  10	 174	 123	  68	 130
       9	  10	 174	 123	  65	 134
       9	  10	 172	 113	  69	 136
       9	  10	 170	 116	  72	 137
       9	  10	 167	 119	  77	 131
       9	  10	 168	 127	  76	 124
       9	  10	 178	 128	  64	 121
       9	  10	 177	 128	  65	 123
       9	  10	 177	 127	  63	 124
       9	  10	 176	 121	  62	 129
       9	  10	 177	 113	  63	 127
       9	  10	 178	 121	  62	 123
       9	  10	 179	 133	  61	 121
       9	  10	 182	 135	  58	 119
       9	  10	 182	 130	  56	 112
       9	  10	 184	 140	  56	 109
       9	  10	 180	 131	  64	 118
       9	  10	 181	 136	  61	 120
       9	  10	 184	 129	  55	 114
       9	  10	 180	 117	  58	 123
       9	  10	 171	 101	  66	 139
       9	  10	 165	  98	  73	 142
       9	  10	 171	 108	  67	 135
       9	  10	 176	 121	  62	 123
       9	  10	 179	 124	  60	 118
       9	  10	 156	 106	  87	 146
       9	  10	 156	 104	  91	 143
       9	  10	 163	 109	  77	 138
       9	  10	 171	 114	  69	 135
       9	  10	 179	 120	  59	 121
       9	  10	 182	 129	  59	 115
       9	  10	 176	 122	  64	 122
       9	  10	 175	 125	  66	 126
       9	  10	 181	 131	  57	 116
       9	  10	 190	 146	  45	 103
       9	  10	 188	 140	  50	 107
       9	  10	 182	 133	  60	 114
       9	  10	 184	 137	  56	 110
       9	  10	 184	 135	  54	 116
       9	  10	 175	 118	  64	 131
       9	  10	 170	 108	  70	 138
       9	  10	 174	 123	  65	 130
       9	  10	 177	 128	  64	 121
       9	  10	 177	 134	  64	 118
       9	  10	 144	 111	 104	 161
       9	  10	 145	 104	 102	 165
       9	  10	 154	 103	  91	 148
       9	  10	 160	 106	  80	 141
       9	  10	 164	 111	  76	 134
       9	  10	 172	 121	  68	 129
       9	  10	 168	 117	  74	 128
       9	  10	 164	 114	  79	 135
       9	  10	 166	 116	  75	 130
       9	  10	 171	 125	  70	 125
       9	  10	 170	 123	  72	 122
       9	  10	 168	 124	  75	 124
       9	  10	 165	 119	  77	 129
       9	  10	 159	 115	  88	 138
       9	  10	 158	 111	  90	 140
       9	  10	 161	  98	  79	 144
       9	  10	 161	 106	  78	 141
       9	  10	 162	 116	  80	 137
       9	  10	 163	 117	  80	 135
       9	  10	 151	 122	  99	 143
       9	  10	 152	 116	  94	 147
       9	  10	 155	 103	  90	 151
       9	  10	 160	 103	  84	 141
       9	  10	 163	 117	  80	 136
       9	  10	 170	 131	  72	 128
       9	  10	 174	 130	  68	 123
       9	  10	 171	 119	  73	 127
       9	  10	 166	 120	  79	 132
       9	  10	 173	 129	  71	 127
       9	  10	 177	 131	  66	 123
       9	  10	 176	 137	  66	 122
       9	  10	 179	 134	  62	 118
       9	  10	 172	 120	  68	 129
       9	  10	 166	 108	  75	 142
       9	  10	 163	 103	  76	 150
       9	  10	 164	 103	  75	 148
       9	  10	 162	  99	  78	 144
       9	  10	 159	 107	  84	 144
      10	  11	 173	 138	  77	 109
      10	  11	 184	 143	  59	 105
      10	  11	 180	 140	  62	  89
      10	  11	 183	 144	  53	  87
      10	  11	 174	 144	  70	  96
      10	  11	 150	 168	  90	  98
      10	  11	 134	 167	 105	 109
      10	  11	 159	 160	  85	 107
      10	  11	 179	 159	  63	  91
      10	  11	 191	 158	  47	  86
      10	  11	 174	 162	  72	  90
      10	  11	 147	 181	  90	  90
      10	  11	 116	 194	 120	  92
      10	  11	  99	 188	 139	 115
      10	  11	  98	 186	 141	 118
      10	  11	 120	 167	 117	 109
      10	  11	 137	 176	  99	  99
      10	  11	 133	 187	 100	  97
      10	  11	 124	 194	 109	  90
      10	  11	 112	 187	 125	  99
      10	  11	 107	 200	 130	 102
      10	  11	 116	 198	 119	  96
      10	  11	 118	 190	 118	  92
      10	  11	 113	 175	 126	 118
      10	  11	 137	 191	  94	  86
      10	  11	 129	 182	 103	  87
      10	  11	 126	 179	 107	  93
      10	  11	 125	 186	 107	  88
      10	  11	 123	 183	 110	  92
      10	  11	 119	 156	 121	 122
      10	  11	 146	 185	  88	  83
      10	  11	 141	 193	  91	  83
      10	  11	 136	 190	  94	  89
      10	  11	 132	 185	  98	  90
      10	  11	 127	 185	 104	  90
      10	  11	 122	 151	 115	 130
      10	  11	 133	 157	 102	 119
      10	  11	 139	 176	  95	  92
      10	  11	 158	 188	  65	  64
      10	  11	 175	 230	  37	  27
      10	  11	 143	 182	  87	  85
      10	  11	 119	 114	 123	 157
      10	  11	 104	  84	 138	 216
      10	  11	 110	  99	 129	 190
      10	  11	 132	 123	  98	 139
      10	  11	 172	 196	  45	  52
      10	  11	 194	 236	  11	   8
      10	  11	 161	 191	  55	  66


