
       1	   1	  69	 134	 206	 130
       1	   1	  58	 143	 206	 132
       1	   1	  59	 140	 206	 129
       1	   1	  56	 145	 203	 129
       1	   1	  58	 146	 202	 131
       1	   1	  52	 154	 199	 135
       1	   1	  49	 152	 201	 133
       1	   1	  55	 141	 207	 132
       1	   1	  63	 130	 208	 124
       1	   1	  63	 147	 192	 121
       1	   1	  67	 146	 187	 116
       1	   1	  70	 146	 186	 116
       1	   1	  81	 135	 186	 112
       1	   1	  76	 134	 189	 110
       1	   1	  82	 133	 187	 111
       1	   1	  76	 128	 192	 110
       1	   1	  73	 123	 200	 114
       1	   1	  79	 120	 194	 108
       1	   1	 107	 100	 173	  99
       1	   1	  38	  62	 188	  89
       1	   1	  43	 109	 218	 106
       1	   1	  57	 149	 187	 113
       1	   1	  53	 155	 191	 123
       1	   1	  72	 132	 198	 118
       1	   1	  66	 148	 191	 122
       1	   1	  70	 146	 190	 123
       1	   1	  74	 146	 186	 118
       1	   1	  72	 147	 185	 116
       1	   1	  68	 146	 187	 117
       1	   1	  70	 144	 187	 115
       1	   1	  78	 139	 184	 112
       1	   1	  84	 143	 178	 108
       1	   1	  85	 143	 176	 108
       1	   1	  81	 145	 178	 109
       1	   1	  76	 144	 182	 110
       1	   1	  78	 140	 182	 109
       1	   1	  77	 148	 178	 110
       1	   1	  70	 153	 179	 112
       1	   1	  69	 151	 181	 114
       1	   1	  58	 150	 190	 117
       1	   1	  57	 143	 193	 113
       1	   1	  96	  95	 179	  98
       1	   1	  20	  34	 175	  85
       1	   1	  35	  86	 233	 102
       1	   1	  51	 148	 193	 114
       1	   1	  57	 150	 190	 117
       1	   1	  67	 141	 189	 114
       1	   1	  64	 151	 187	 120
       1	   1	  66	 148	 189	 120
       1	   1	  78	 148	 182	 118
       1	   1	  68	 156	 182	 121
       1	   1	  60	 157	 186	 123
       1	   1	  69	 148	 187	 118
       1	   1	  75	 139	 184	 109
       1	   1	  78	 142	 182	 109
       1	   1	  77	 142	 182	 110
       1	   1	  78	 144	 179	 108
       1	   1	  80	 146	 177	 107
       1	   1	  86	 143	 175	 105
       1	   1	  83	 147	 174	 105
       1	   1	  77	 148	 178	 109
       1	   1	  73	 149	 180	 111
       1	   1	  69	 145	 183	 110
       1	   1	  68	 139	 187	 109
       1	   1	  89	 119	 183	 102
       1	   1	  58	 101	 189	  94
       1	   1	  54	 113	 206	 106
       1	   1	  68	 138	 185	 105
       1	   1	  76	 127	 192	 108
       1	   1	  78	 125	 194	 111
       1	   1	  71	 124	 196	 109
       1	   1	  78	 118	 195	 107
       1	   1	  85	 116	 193	 108
       1	   1	  79	 128	 191	 110
       1	   1	  81	 120	 194	 109
       1	   1	  79	 123	 194	 110
       1	   1	  78	 121	 193	 107
       1	   1	  80	 126	 192	 111
       1	   1	  84	 131	 185	 108
       1	   1	  95	 126	 177	 102
       1	   1	  97	 134	 171	 101
       1	   1	  92	 139	 172	 103
       1	   1	  92	 137	 172	 101
       1	   1	  94	 136	 171	 100
       1	   1	  95	 132	 173	 101
       1	   1	  96	 126	 175	 101
       1	   1	  94	 134	 171	  98
       1	   1	  95	 132	 171	  99
       1	   1	  56	 124	 190	  99
       1	   1	  63	 129	 189	 101
       1	   1	  89	 135	 173	  99
       1	   1	  83	 138	 176	 102
       1	   1	  78	 116	 197	 107
       1	   1	  84	 104	 192	 102
       1	   1	  84	 101	 184	  97
       1	   1	  88	 100	 187	  99
       1	   1	  75	 110	 194	 102
       1	   1	  66	 122	 200	 108
       1	   1	  65	 136	 198	 118
       1	   1	  68	 138	 197	 120
       1	   1	  64	 145	 189	 115
       1	   1	  77	 143	 181	 109
       1	   1	  86	 139	 176	 106
       1	   1	  90	 140	 172	 102
       1	   1	  85	 141	 176	 105
       1	   1	  77	 143	 179	 107
       1	   1	  81	 142	 178	 106
       1	   1	  85	 139	 176	 103
       1	   1	  81	 138	 180	 105
       1	   1	  79	 135	 181	 103
       1	   1	  93	 129	 174	 100
       1	   1	  61	 127	 184	  96
       1	   1	  57	 122	 199	 105
       1	   1	  78	 137	 178	 100
       1	   1	  77	 146	 177	 106
       1	   1	 101	  98	 175	  98
       1	   1	  99	  98	 176	  98
       1	   1	  86	 115	 189	 104
       1	   1	  71	 140	 185	 109
       1	   1	  68	 149	 184	 113
       1	   1	  64	 146	 188	 115
       1	   1	  64	 146	 190	 118
       1	   1	  69	 149	 185	 116
       1	   1	  75	 150	 178	 111
       1	   1	  85	 153	 167	 103
       1	   1	  99	 148	 160	  96
       1	   1	 106	 152	 152	  92
       1	   1	  97	 153	 159	  98
       1	   1	  89	 153	 163	 100
       1	   1	  83	 158	 162	 100
       1	   1	  78	 156	 169	 105
       1	   1	  60	 155	 184	 116
       1	   1	  57	 150	 190	 118
       1	   1	  78	 137	 182	 106
       1	   1	  49	 123	 197	 102
       1	   1	  61	 128	 192	 103
       1	   1	  76	 137	 182	 105
       1	   1	  75	 141	 182	 107
       2	   3	  49	 235	 118	 200
       2	   3	  66	 223	 124	 207
       2	   3	  38	 243	 112	 184
       2	   3	  50	 234	 118	 202
       2	   3	  74	 216	 133	 230
       2	   3	  68	 221	 129	 222
       2	   3	  68	 222	 126	 214
       2	   3	  41	 244	 105	 172
       2	   3	  44	 239	 114	 191
       2	   3	  58	 229	 121	 208
       2	   3	  79	 215	 129	 220
       2	   3	  88	 207	 135	 233
       2	   3	  71	 219	 128	 221
       2	   3	  46	 243	  98	 153
       2	   3	  43	 249	  83	 114
       2	   3	  51	 246	  71	  74
       2	   3	  47	 236	 116	 195
       2	   3	  63	 226	 121	 208
       2	   3	  75	 219	 123	 214
       2	   3	  77	 217	 125	 217
       2	   3	  72	 220	 125	 216
       2	   3	  66	 221	 130	 224
       2	   3	  51	 237	 110	 184
       2	   3	  44	 247	  91	 139
       2	   3	  30	 246	 113	 181
       2	   3	  29	 245	 115	 182
       2	   3	  38	 246	 102	 162
       2	   3	  43	 245	  99	 158
       2	   3	  56	 232	 116	 194
       2	   3	  81	 209	 139	 239
       2	   3	  79	 213	 133	 230
       2	   3	  51	 236	 114	 193
       2	   3	  38	 236	 127	 209
       2	   3	  34	 239	 124	 202
       2	   3	  38	 244	 109	 179
       2	   3	  43	 245	  98	 154
       2	   3	  73	 219	 126	 218
       2	   3	  98	 197	 144	 244
       2	   3	 106	 194	 142	 240
       2	   3	  93	 204	 136	 236
       2	   3	  68	 213	 143	 239
       2	   3	  66	 213	 145	 239
       2	   3	  72	 215	 134	 229
       2	   3	  88	 208	 133	 230
       2	   3	  98	 200	 139	 239
       2	   3	 104	 195	 141	 242
       2	   3	 104	 197	 138	 237
       2	   3	  74	 215	 135	 232
       2	   3	  78	 214	 132	 227
       2	   3	 101	 197	 140	 240
       2	   3	 103	 195	 142	 242
       2	   3	  92	 203	 138	 237
       2	   3	 107	 194	 140	 236
       2	   3	 116	 187	 144	 243
       2	   3	 110	 192	 141	 240
       2	   3	  97	 201	 138	 239
       2	   3	  65	 224	 124	 210
       2	   3	  97	 203	 134	 232
       2	   3	  94	 203	 136	 235
       2	   3	  90	 204	 139	 238
       2	   3	  95	 199	 143	 243
       2	   3	 100	 196	 144	 244
       2	   3	 108	 191	 145	 242
       2	   3	 103	 194	 145	 245
       2	   3	  48	 237	 114	 191
       2	   3	  61	 227	 123	 213
       2	   3	  62	 225	 125	 215
       2	   3	  60	 223	 131	 224
       2	   3	  69	 214	 139	 235
       2	   3	  71	 212	 141	 238
       2	   3	  74	 215	 134	 231
       2	   3	  79	 209	 140	 239
       2	   3	  66	 221	 129	 222
       2	   3	  68	 219	 132	 227
       2	   3	  76	 215	 132	 225
       2	   3	  78	 213	 133	 230
       2	   3	  98	 198	 142	 241
       2	   3	 116	 188	 141	 238
       2	   3	 119	 192	 133	 228
       2	   3	 110	 198	 129	 223
       2	   3	  77	 211	 138	 237
       2	   3	  93	 200	 143	 244
       2	   3	 112	 189	 144	 244
       2	   3	  98	 202	 134	 230
       2	   3	 107	 196	 136	 234
       2	   3	 107	 198	 131	 223
       2	   3	 127	 186	 135	 229
       2	   3	 126	 187	 133	 226
       2	   3	 117	 186	 144	 244
       2	   3	 149	 164	 150	 234
       2	   3	 164	 153	 152	 223
       2	   3	 110	 191	 143	 242
       2	   3	  90	 210	 126	 219
       2	   3	  89	 210	 126	 221
       2	   3	 117	 191	 136	 232
       2	   3	 135	 181	 137	 229
       2	   3	 105	 192	 146	 247
       2	   3	 150	 160	 156	 235
       2	   3	 163	 149	 159	 219
       2	   3	 113	 185	 150	 249
       2	   3	  58	 228	 121	 207
       2	   3	  69	 223	 123	 211
       2	   3	 104	 201	 131	 227
       2	   3	 134	 181	 136	 227
       2	   3	  68	 207	 152	 246
       2	   3	  90	 167	 192	 237
       2	   3	  83	 171	 192	 238
       2	   3	  92	 193	 155	 252
       2	   3	  74	 217	 130	 225
       2	   3	  53	 232	 118	 202
       2	   3	  82	 219	 115	 194
       2	   3	 114	 196	 129	 222
       2	   3	  25	 232	 145	 219
       2	   3	  53	 183	 196	 232
       2	   3	  29	 213	 172	 235
       2	   3	  69	 214	 139	 235
       2	   3	  69	 218	 132	 228
       2	   3	  64	 222	 129	 221
       2	   3	  77	 221	 117	 202
       2	   3	 100	 206	 125	 218
       2	   3	  24	 243	 123	 181
       2	   3	  16	 242	 133	 198
       2	   3	  46	 239	 111	 184
       2	   3	  71	 221	 125	 213
       2	   3	  68	 222	 127	 219
       2	   3	  56	 232	 117	 202
       2	   3	  53	 240	 100	 166
       2	   3	  61	 235	 100	 167
       2	   3	  23	 252	 101	 148
       2	   3	  30	 239	 129	 207
       2	   3	  47	 232	 126	 212
       2	   3	  77	 218	 125	 217
       2	   3	  79	 217	 125	 219
       2	   3	  57	 230	 120	 207
       2	   3	  60	 233	 111	 191
       2	   3	  56	 236	 106	 181
       3	   5	 125	  53	   7	 189
       3	   5	  69	  18	  25	 150
       3	   5	  75	  22	  62	 124
       3	   5	  65	  16	  35	 142
       3	   5	  83	  27	   6	 173
       3	   5	  92	  33	   3	 179
       3	   5	  80	  24	  13	 164
       3	   5	  93	  33	   4	 178
       3	   5	 108	  42	   4	 185
       3	   5	  87	  29	   4	 175
       3	   5	  86	  28	  10	 168
       3	   5	 100	  37	   2	 182
       3	   5	  65	  16	  34	 142
       3	   5	  64	  15	  36	 141
       3	   5	  72	  20	   8	 167
       3	   5	 110	  45	   3	 189
       3	   5	 137	  62	  15	 190
       3	   5	  96	  35	   4	 179
       3	   5	  73	  20	  35	 144
       3	   5	  93	  33	   5	 178
       3	   5	  97	  34	   9	 174
       3	   5	  83	  25	  16	 161
       3	   5	  82	  26	  64	 124
       3	   5	  76	  21	  39	 141
       3	   5	  85	  27	  56	 130
       3	   5	  70	  18	  36	 141
       3	   5	  66	  17	  50	 131
       3	   5	  61	  14	  32	 144
       3	   5	 102	  36	  14	 169
       3	   5	 123	  51	  12	 182
       3	   5	 147	  67	  20	 188
       3	   5	 105	  38	  15	 169
       3	   5	  88	  28	  19	 160
       3	   5	  65	  20	  97	 103
       3	   5	  79	  25	   4	 174
       3	   5	  84	  28	   3	 177
       3	   5	 120	  51	   6	 190
       3	   5	  77	  24	  73	 118
       3	   5	 114	  53	 147	  92
       3	   5	 106	  42	   3	 186
       3	   5	 129	  55	  13	 185
       3	   5	 121	  50	   8	 187
       3	   5	 146	  67	  19	 190
       3	   5	 115	  46	   8	 183
       3	   5	  68	  23	 108	  98
       3	   5	  56	  11	  34	 141
       3	   5	 159	  75	  29	 186
       3	   5	 144	  65	  20	 186
       3	   5	  97	  34	   8	 174
       3	   5	  79	  23	  52	 131
       3	   5	  97	  35	   6	 177
       3	   5	 207	 101	  74	 162
       3	   5	 216	 106	  84	 156
       3	   5	 160	  75	  29	 186
       3	   5	  90	  31	   4	 177
       3	   5	  69	  24	 111	  97
       3	   5	  66	  20	  95	 104
       3	   5	  77	  23	  10	 167
       3	   5	  96	  35	   1	 181
       3	   5	  76	  21	  31	 147
       3	   5	  70	  18	  35	 143
       3	   5	  77	  22	  35	 144
       3	   5	 123	  52	   8	 188
       3	   5	 120	  50	   6	 189
       3	   5	 104	  40	   4	 184
       3	   5	 139	  63	  14	 191
       3	   5	  96	  36	   3	 182
       3	   5	 121	  50	   8	 186
       3	   5	 100	  36	  11	 171
       3	   5	  87	  28	  16	 163
       3	   5	  84	  27	   6	 172
       3	   5	  70	  24	 110	  98
       3	   5	  59	  16	  82	 110
       3	   5	  88	  30	   4	 176
       3	   5	 131	  57	  10	 191
       3	   5	 139	  62	  16	 189
       3	   5	 136	  60	  13	 189
       3	   5	 134	  59	  12	 191
       3	   5	 105	  40	   4	 184
       3	   5	 102	  38	   4	 181
       3	   5	 110	  43	   8	 180
       3	   5	 138	  62	  14	 190
       3	   5	  90	  31	   3	 178
       3	   5	  63	  16	  61	 123
       3	   5	  59	  13	  27	 148
       3	   5	  74	  22	  11	 166
       3	   5	  90	  30	  19	 162
       3	   5	  99	  36	   7	 177
       3	   5	  94	  33	   8	 174
       3	   5	  86	  28	   7	 172
       3	   5	 106	  40	   6	 181
       3	   5	 116	  48	   5	 189
       3	   5	 139	  62	  14	 191
       3	   5	 104	  40	   3	 184
       3	   5	  67	  17	  29	 147
       3	   5	  78	  24	  12	 167
       3	   5	 122	  52	   8	 189
       3	   5	 123	  52	   9	 188
       3	   5	 114	  46	   4	 188
       3	   5	 102	  39	   1	 186
       3	   5	 104	  39	  10	 175
       3	   5	 116	  47	   4	 188
       3	   5	 106	  40	   8	 179
       3	   5	 125	  53	  10	 188
       3	   5	  69	  18	  18	 157
       3	   5	  80	  29	 106	 101
       3	   5	  72	  19	  20	 156
       3	   5	 131	  57	  11	 189
       3	   5	 167	  79	  35	 183
       3	   5	 116	  49	   5	 190
       3	   5	 155	  72	  31	 183
       3	   5	  55	  12	  50	 131
       3	   5	 104	  40	   5	 184
       3	   5	  85	  27	  43	 139
       3	   5	  79	  23	  31	 148
       3	   5	  90	  31	   3	 177
       3	   5	  75	  22	  15	 162
       3	   5	  55	  11	  32	 143
       3	   5	  73	  23	  89	 108
       3	   5	  53	  13	  82	 110
       3	   5	  73	  21	   8	 167
       3	   5	 151	  70	  27	 185
       3	   5	  43	   6	  37	 140
       3	   5	  71	  21	  10	 168
       3	   5	 107	  43	   2	 188
       3	   5	  84	  27	   8	 171
       3	   5	  69	  19	   8	 167
       3	   5	  61	  14	  42	 136
       3	   5	  86	  28	   3	 176
       3	   5	 104	  41	   2	 187
       3	   5	  89	  31	   3	 178
       3	   5	 114	  47	   5	 188
       4	   7	 113	  79	 211	 106
       4	   7	  94	  79	 226	 109
       4	   7	  73	  68	 231	 100
       4	   7	  67	  63	 229	  95
       4	   7	  76	  64	 222	  95
       4	   7	  75	  66	 225	  96
       4	   7	  70	  68	 233	 100
       4	   7	  90	  73	 225	 102
       4	   7	  95	  74	 222	 103
       4	   7	  82	  75	 231	 106
       4	   7	  81	  74	 232	 105
       4	   7	  95	  76	 223	 105
       4	   7	 107	  81	 218	 109
       4	   7	 100	  80	 223	 111
       4	   7	  94	  76	 223	 105
       4	   7	  88	  72	 223	 102
       4	   7	  83	  68	 222	  98
       4	   7	  78	  73	 232	 104
       4	   7	  58	  76	 245	 110
       4	   7	  43	  78	 249	 111
       4	   7	  51	  68	 242	 100
       4	   7	  54	  62	 235	  95
       4	   7	  59	  62	 233	  93
       4	   7	  62	  60	 228	  92
       4	   7	  38	  57	 236	  90
       4	   7	  39	  55	 233	  87
       4	   7	  69	  65	 230	  96
       4	   7	  77	  68	 228	  99
       4	   7	  76	  66	 227	  96
       4	   7	  42	  81	 245	 112
       4	   7	 138	  94	 204	 123
       4	   7	 105	  86	 224	 118
       4	   7	 104	  80	 220	 109
       4	   7	  90	  70	 218	  99
       4	   7	  74	  66	 228	  97
       4	   7	  73	  67	 230	  98
       4	   7	  92	  72	 219	 101
       4	   7	  85	  70	 223	 100
       4	   7	  72	  68	 232	  98
       4	   7	  49	  73	 246	 106
       4	   7	  60	  70	 239	 102
       4	   7	  65	  70	 237	 102
       4	   7	  76	  74	 234	 106
       4	   7	  88	  76	 229	 107
       4	   7	 102	  79	 220	 108
       4	   7	 100	  79	 221	 108
       4	   7	 101	  80	 223	 110
       4	   7	  95	  78	 225	 108
       4	   7	  89	  78	 229	 109
       4	   7	  86	  74	 229	 104
       4	   7	  72	  69	 233	 100
       4	   7	  53	  67	 240	 100
       4	   7	  60	  65	 235	  97
       4	   7	  78	  65	 221	  95
       4	   7	  63	  59	 226	  91
       4	   7	  70	  63	 227	  93
       4	   7	  88	  69	 220	  99
       4	   7	  89	  70	 219	  99
       4	   7	  79	  73	 230	 104
       4	   7	  37	 118	 242	 143
       4	   7	 162	 102	 190	 127
       4	   7	 145	  94	 199	 120
       4	   7	 127	  89	 209	 116
       4	   7	 103	  77	 216	 106
       4	   7	  89	  71	 221	 101
       4	   7	 101	  71	 210	  99
       4	   7	 111	  75	 208	 101
       4	   7	 108	  81	 217	 110
       4	   7	  89	  78	 229	 108
       4	   7	  51	  82	 248	 116
       4	   7	  45	  89	 250	 123
       4	   7	  55	  97	 248	 134
       4	   7	  62	 101	 246	 141
       4	   7	  86	  96	 237	 134
       4	   7	 105	  87	 225	 118
       4	   7	 116	  86	 216	 115
       4	   7	 122	  92	 214	 122
       4	   7	 116	 101	 221	 139
       4	   7	 110	  97	 224	 134
       4	   7	 113	  90	 220	 123
       4	   7	 103	  85	 224	 115
       4	   7	  69	  83	 242	 117
       4	   7	  47	  80	 248	 113
       4	   7	  77	  73	 233	 104
       4	   7	  81	  75	 231	 105
       4	   7	  87	  77	 229	 107
       4	   7	 103	  83	 223	 113
       4	   7	 103	  88	 226	 119
       4	   7	  55	 100	 246	 136
       4	   7	  18	 174	 204	 156
       4	   7	 163	  97	 186	 119
       4	   7	 123	  84	 208	 110
       4	   7	 101	  80	 223	 110
       4	   7	  85	  71	 226	 101
       4	   7	  92	  65	 209	  94
       4	   7	 102	  66	 202	  94
       4	   7	 111	  78	 211	 105
       4	   7	 107	  84	 220	 114
       4	   7	 114	  81	 212	 109
       4	   7	 112	  82	 214	 110
       4	   7	 133	  90	 206	 116
       4	   7	 133	  95	 208	 125
       4	   7	 130	  97	 210	 129
       4	   7	 113	  89	 221	 121
       4	   7	 114	  81	 212	 108
       4	   7	 107	  75	 211	 102
       4	   7	 119	  82	 210	 109
       4	   7	 127	  94	 213	 125
       4	   7	 132	  92	 206	 120
       4	   7	 126	  87	 208	 114
       4	   7	 127	  87	 207	 114
       4	   7	 118	  82	 210	 109
       4	   7	  91	  77	 227	 107
       4	   7	  72	  76	 237	 109
       4	   7	  64	  73	 240	 106
       4	   7	  66	  71	 237	 103
       4	   7	  66	  72	 238	 104
       4	   7	  44	  84	 249	 117
       4	   7	  12	 170	 208	 150
       4	   7	  21	 231	 124	 109
       5	   9	  25	  28	 166	  84
       5	   9	   9	  30	 203	  76
       5	   9	  18	  20	 160	  82
       5	   9	  13	  22	 181	  77
       5	   9	  25	  55	 240	  87
       5	   9	  37	  69	 247	 100
       5	   9	  24	  34	 211	  75
       5	   9	  38	  13	  92	 111
       5	   9	  33	   9	  76	 119
       5	   9	  46	  13	  60	 131
       5	   9	  38	  11	  81	 117
       5	   9	  22	  18	 143	  88
       5	   9	  50	  28	 109	 108
       5	   9	  31	  19	 118	 101
       5	   9	  23	  18	 172	  77
       5	   9	  22	  71	 242	  96
       5	   9	  18	  46	 228	  81
       5	   9	  11	  28	 194	  77
       5	   9	  15	  31	 195	  77
       5	   9	  20	  40	 216	  78
       5	   9	  24	  49	 232	  83
       5	   9	  33	  47	 231	  82
       5	   9	  21	  21	 183	  76
       5	   9	  50	  16	  63	 129
       5	   9	 125	  55	  30	 173
       5	   9	 115	  49	  30	 169
       5	   9	  72	  27	  47	 145
       5	   9	  66	  31	  83	 124
       5	   9	  59	  32	 106	 111
       5	   9	  13	  14	 164	  79
       5	   9	  26	  58	 232	  87
       5	   9	  24	  52	 234	  84
       5	   9	  17	  35	 210	  77
       5	   9	  12	  27	 191	  77
       5	   9	  12	  24	 186	  77
       5	   9	  17	  26	 187	  77
       5	   9	  13	  25	 195	  75
       5	   9	  19	  19	 179	  76
       5	   9	  36	  10	  81	 116
       5	   9	  94	  37	  34	 160
       5	   9	 129	  58	  39	 167
       5	   9	  95	  40	  45	 153
       5	   9	  80	  33	  52	 145
       5	   9	  59	  26	  78	 125
       5	   9	  17	  10	 132	  91
       5	   9	  26	  69	 235	  93
       5	   9	  30	  68	 242	  95
       5	   9	  23	  52	 236	  84
       5	   9	  14	  33	 205	  77
       5	   9	  18	  41	 222	  78
       5	   9	  26	  58	 239	  88
       5	   9	  14	  36	 214	  77
       5	   9	  16	  28	 194	  76
       5	   9	  14	  29	 193	  77
       5	   9	  25	  16	 126	  96
       5	   9	  73	  30	  58	 140
       5	   9	  97	  41	  50	 150
       5	   9	  73	  31	  66	 134
       5	   9	  50	  18	  68	 128
       5	   9	  18	   8	 142	  84
       5	   9	  27	  57	 218	  85
       5	   9	  14	  48	 219	  82
       5	   9	  16	  32	 198	  77
       5	   9	  20	  23	 174	  79
       5	   9	  16	  32	 208	  75
       5	   9	  17	  48	 232	  82
       5	   9	  12	  30	 200	  76
       5	   9	  18	  22	 180	  77
       5	   9	  11	  28	 201	  75
       5	   9	  12	  27	 193	  76
       5	   9	  33	  23	 131	  96
       5	   9	  61	  24	  71	 128
       5	   9	  74	  28	  53	 142
       5	   9	  77	  29	  35	 156
       5	   9	  29	   3	  56	 128
       5	   9	  28	  49	 196	  83
       5	   9	  19	  31	 176	  83
       5	   9	  29	  26	 146	  91
       5	   9	  25	  17	 139	  90
       5	   9	  12	  24	 195	  75
       5	   9	  22	  40	 220	  78
       5	   9	  17	  25	 181	  78
       5	   9	  18	  18	 167	  80
       5	   9	  18	  29	 204	  75
       5	   9	  23	  54	 240	  86
       5	   9	  14	  47	 218	  81
       5	   9	  30	  14	 110	 102
       5	   9	  71	  25	  41	 148
       5	   9	 110	  46	  21	 176
       5	   9	  85	  30	  13	 172
       5	   9	  27	  68	 226	  92
       5	   9	  21	  36	 186	  81
       5	   9	  29	  17	 128	  95
       5	   9	  18	  16	 151	  85
       5	   9	  16	  15	 165	  79
       5	   9	  16	  11	 137	  89
       5	   9	  43	  21	 101	 110
       5	   9	  36	  15	 101	 107
       5	   9	  13	  20	 181	  77
       5	   9	  13	  34	 216	  76
       5	   9	  20	  41	 221	  78
       5	   9	  18	  20	 160	  83
       5	   9	  81	  31	  39	 153
       5	   9	 136	  61	  27	 179
       5	   9	  75	  24	  10	 170
       5	   9	  16	  27	 178	  81
       5	   9	  20	  21	 150	  88
       5	   9	  24	  18	 139	  91
       5	   9	  15	  17	 155	  85
       5	   9	  19	  16	 146	  87
       5	   9	  24	  21	 146	  90
       5	   9	  27	  27	 155	  88
       5	   9	  37	  25	 130	  97
       5	   9	  69	  28	  66	 133
       5	   9	  93	  39	  53	 147
       5	   9	  27	  20	 132	  95
       5	   9	  24	  13	 110	 103
       5	   9	 120	  52	  20	 180
       5	   9	 113	  48	  15	 181
       5	   9	  40	   5	  35	 142
       6	  11	  18	 234	 119	  99
       6	  11	  19	 244	 107	 103
       6	  11	  30	 247	  85	  68
       6	  11	  40	 244	  75	  46
       6	  11	  48	 242	  71	  36
       6	  11	  58	 238	  65	  23
       6	  11	  58	 238	  66	  26
       6	  11	  49	 243	  69	  38
       6	  11	  43	 246	  71	  46
       6	  11	  41	 247	  72	  51
       6	  11	  38	 249	  73	  57
       6	  11	  41	 248	  70	  52
       6	  11	  48	 245	  67	  45
       6	  11	  49	 245	  66	  42
       6	  11	  50	 244	  67	  42
       6	  11	  39	 249	  73	  58
       6	  11	  32	 252	  80	  82
       6	  11	  35	 252	  78	  80
       6	  11	  49	 244	  67	  39
       6	  11	  80	 225	  63	   9
       6	  11	 102	 211	  64	   1
       6	  11	  20	 243	 102	  83
       6	  11	  44	 243	  74	  43
       6	  11	  53	 240	  69	  32
       6	  11	  51	 241	  67	  32
       6	  11	  51	 241	  68	  33
       6	  11	  48	 243	  68	  35
       6	  11	  53	 242	  66	  32
       6	  11	  56	 240	  65	  28
       6	  11	  57	 239	  67	  33
       6	  11	  49	 243	  71	  49
       6	  11	  33	 252	  76	  70
       6	  11	  42	 247	  78	  80
       6	  11	  54	 241	  71	  52
       6	  11	  65	 235	  65	  28
       6	  11	  62	 237	  62	  24
       6	  11	  43	 247	  69	  50
       6	  11	  30	 253	  80	  82
       6	  11	  30	 254	  82	  98
       6	  11	  37	 251	  76	  79
       6	  11	  64	 236	  62	  21
       6	  11	 130	 193	  69	   3
       6	  11	  37	 241	  84	  49
       6	  11	  52	 240	  67	  29
       6	  11	  42	 247	  70	  45
       6	  11	  35	 249	  76	  61
       6	  11	  39	 247	  74	  52
       6	  11	  41	 248	  71	  50
       6	  11	  50	 244	  66	  38
       6	  11	  54	 241	  66	  38
       6	  11	  46	 247	  71	  58
       6	  11	  43	 248	  72	  65
       6	  11	  40	 250	  74	  72
       6	  11	  42	 248	  70	  57
       6	  11	  52	 243	  66	  39
       6	  11	  65	 235	  64	  28
       6	  11	  59	 239	  63	  28
       6	  11	  48	 245	  66	  41
       6	  11	  41	 249	  72	  65
       6	  11	  44	 248	  71	  66
       6	  11	  61	 239	  63	  31
       6	  11	  87	 222	  61	   8
       6	  11	 117	 201	  67	   3
       6	  11	  32	 245	  85	  59
       6	  11	  43	 246	  69	  44
       6	  11	  44	 246	  68	  43
       6	  11	  46	 245	  69	  40
       6	  11	  47	 244	  67	  36
       6	  11	  61	 237	  64	  29
       6	  11	  71	 232	  61	  19
       6	  11	  73	 231	  62	  23
       6	  11	  63	 237	  64	  33
       6	  11	  55	 242	  64	  36
       6	  11	  55	 241	  69	  49
       6	  11	  47	 246	  68	  53
       6	  11	  53	 243	  65	  39
       6	  11	  62	 237	  64	  31
       6	  11	  57	 240	  65	  34
       6	  11	  54	 242	  65	  33
       6	  11	  47	 246	  67	  43
       6	  11	  46	 246	  68	  47
       6	  11	  70	 234	  61	  24
       6	  11	  88	 222	  61	  10
       6	  11	 104	 210	  64	   3
       6	  11	  40	 242	  80	  48
       6	  11	  54	 240	  67	  35
       6	  11	  54	 241	  66	  37
       6	  11	  52	 242	  66	  34
       6	  11	  55	 240	  66	  32
       6	  11	  61	 238	  64	  28
       6	  11	  68	 233	  63	  21
       6	  11	  68	 233	  63	  22
       6	  11	  59	 239	  64	  32
       6	  11	  42	 248	  69	  52
       6	  11	  41	 248	  73	  63
       6	  11	  37	 250	  73	  64
       6	  11	  48	 245	  69	  47
       6	  11	  51	 243	  67	  41
       6	  11	  42	 248	  70	  51
       6	  11	  39	 249	  71	  56
       6	  11	  43	 247	  70	  50
       6	  11	  44	 247	  69	  49
       6	  11	  54	 242	  65	  35
       6	  11	  62	 237	  63	  25
       6	  11	  73	 230	  62	  14
       6	  11	  55	 235	  76	  37
       6	  11	  65	 234	  65	  27
       6	  11	  62	 237	  66	  34
       6	  11	  60	 238	  64	  30
       6	  11	  62	 237	  65	  30
       6	  11	  59	 239	  63	  27
       6	  11	  65	 235	  64	  24
       6	  11	  66	 234	  64	  23
       6	  11	  55	 241	  65	  30
       6	  11	  32	 252	  76	  68
       6	  11	  30	 253	  81	  88
       6	  11	  30	 252	  79	  76
       6	  11	  43	 246	  73	  55
       6	  11	  40	 248	  72	  54
       6	  11	  38	 249	  79	  79
       6	  11	  29	 252	  80	  80
       6	  11	  39	 249	  72	  55
       6	  11	  42	 247	  70	  48
       6	  11	  42	 247	  71	  52
       6	  11	  42	 247	  71	  50
       6	  11	  47	 244	  68	  38
       6	  11	  60	 233	  71	  26
       6	  11	  49	 241	  70	  33
       6	  11	  47	 243	  70	  38
       6	  11	  38	 248	  72	  51
       6	  11	  41	 247	  70	  49
       6	  11	  56	 239	  64	  26
       6	  11	  78	 225	  64	  10
       6	  11	  71	 230	  64	  13
       6	  11	  56	 240	  64	  27
       6	  11	  54	 240	  68	  33
       6	  11	  63	 235	  64	  20
       6	  11	  87	 220	  65	  10
       6	  11	  87	 219	  64	   6
       6	  11	  71	 230	  66	  19
       6	  11	  53	 240	  68	  37
       6	  11	  41	 247	  71	  49
       6	  11	  53	 240	  68	  34
       6	  11	  58	 237	  66	  25
       6	  11	  52	 240	  68	  30
       6	  11	  60	 237	  65	  25
       6	  11	  80	 225	  63	   9
       7	  13	 164	 169	  85	  27
       7	  13	 169	 167	  86	  28
       7	  13	 173	 164	  87	  30
       7	  13	 175	 163	  88	  32
       7	  13	 163	 170	  85	  26
       7	  13	 156	 174	  83	  22
       7	  13	 117	 201	  67	   1
       7	  13	 104	 210	  64	   3
       7	  13	 104	 210	  63	   2
       7	  13	  90	 219	  62	   5
       7	  13	 131	 192	  71	   7
       7	  13	  87	 221	  63	   7
       7	  13	  93	 216	  65	   7
       7	  13	  95	 215	  65	   5
       7	  13	 106	 208	  66	   2
       7	  13	 116	 201	  69	   7
       7	  13	 105	 208	  67	   3
       7	  13	  74	 227	  65	  14
       7	  13	  85	 221	  64	   7
       7	  13	  94	 215	  64	   3
       7	  13	  72	 229	  64	  14
       7	  13	  75	 227	  65	  14
       7	  13	  14	 250	 104	 111
       7	  13	  11	 248	 115	 131
       7	  13	  16	 247	 108	 112
       7	  13	  21	 248	  96	  87
       7	  13	  18	 249	  99	  98
       7	  13	  11	 248	 116	 136
       7	  13	   7	 241	 135	 166
       7	  13	   8	 240	 127	 129
       7	  13	  14	 241	 114	 101
       7	  13	   5	 235	 138	 136
       7	  13	   4	 242	 128	 138
       7	  13	  33	 249	  86	  90
       7	  13	  21	 250	 108	 151
       7	  13	  19	 248	 116	 162
       7	  13	  18	 250	 112	 155
       7	  13	  18	 250	 108	 143
       7	  13	  25	 249	 101	 125
       7	  13	  19	 253	  97	 115
       7	  13	  24	 251	  88	  84
       7	  13	  29	 249	  85	  70
       7	  13	  34	 244	  85	  61
       7	  13	  26	 250	  86	  77
       7	  13	  17	 249	 111	 140
       7	  13	  16	 240	 136	 195
       7	  13	  16	 236	 144	 206
       7	  13	  26	 224	 157	 226
       7	  13	  26	 221	 163	 229
       7	  13	   9	 238	 144	 193
       7	  13	   6	 240	 140	 179
       7	  13	   8	 245	 127	 161
       7	  13	   7	 244	 129	 160
       7	  13	   8	 242	 128	 149
       7	  13	   8	 243	 124	 138
       7	  13	  27	 253	  88	 102
       7	  13	  19	 250	 111	 161
       7	  13	  18	 252	 103	 130
       7	  13	  22	 249	  95	  93
       7	  13	  16	 251	 103	 119
       7	  13	  19	 250	  95	  95
       7	  13	  29	 246	  90	  75
       7	  13	  40	 243	  80	  51
       7	  13	  33	 246	  82	  58
       7	  13	  28	 246	  88	  69
       7	  13	  30	 246	  88	  72
       7	  13	  21	 240	 132	 192
       7	  13	  21	 238	 136	 198
       7	  13	  17	 244	 124	 167
       7	  13	  14	 247	 113	 135
       7	  13	  16	 246	 119	 156
       7	  13	  15	 248	 117	 156
       7	  13	  17	 246	 116	 145
       7	  13	  19	 247	 108	 120
       7	  13	  23	 249	  95	  92
       7	  13	  29	 246	  91	  80
       7	  13	  27	 248	  91	  85
       7	  13	  17	 241	 131	 179
       7	  13	  20	 235	 140	 189
       7	  13	  20	 234	 143	 195
       7	  13	  17	 240	 133	 179
       7	  13	  18	 238	 136	 186
       7	  13	  24	 237	 138	 205
       7	  13	  23	 238	 134	 192
       7	  13	  14	 241	 133	 174
       7	  13	  12	 242	 129	 157
       7	  13	  14	 238	 130	 148
       7	  13	  21	 238	 131	 166
       7	  13	  26	 245	 111	 141
       7	  13	  22	 242	 122	 165
       7	  13	  22	 242	 123	 164
       7	  13	  23	 239	 132	 182
       7	  13	  50	 213	 157	 235
       7	  13	  60	 210	 156	 242
       7	  13	  18	 246	 120	 169
       7	  13	  23	 242	 117	 142
       7	  13	  19	 241	 124	 152
       7	  13	  18	 243	 119	 142
       7	  13	  15	 246	 117	 143
       8	  15	  53	 238	 105	 168
       8	  15	  57	 233	 114	 191
       8	  15	  72	 215	 137	 232
       8	  15	 136	 171	 152	 242
       8	  15	 188	 143	 147	 203
       8	  15	 228	 128	 135	 156
       8	  15	 239	 125	 131	 140
       8	  15	 239	 125	 131	 141
       8	  15	  50	 240	 102	 158
       8	  15	  55	 236	 108	 177
       8	  15	  73	 218	 128	 216
       8	  15	 146	 166	 150	 237
       8	  15	 185	 143	 149	 205
       8	  15	 219	 130	 139	 167
       8	  15	 236	 125	 132	 144
       8	  15	 236	 125	 132	 145
       8	  15	  51	 238	 108	 174
       8	  15	  64	 227	 122	 207
       8	  15	  99	 199	 141	 239
       8	  15	 185	 144	 148	 206
       8	  15	 234	 126	 133	 148
       8	  15	 236	 125	 132	 144
       8	  15	 238	 125	 132	 142
       8	  15	 237	 125	 132	 143
       8	  15	  68	 223	 126	 212
       8	  15	  71	 218	 130	 218
       8	  15	 100	 197	 142	 237
       8	  15	 184	 143	 149	 206
       8	  15	 236	 125	 132	 145
       8	  15	 236	 125	 133	 144
       8	  15	 237	 125	 132	 142
       8	  15	 234	 126	 133	 146
       8	  15	  96	 195	 150	 246
       8	  15	 111	 189	 146	 244
       8	  15	 124	 180	 148	 243
       8	  15	 212	 133	 140	 176
       8	  15	 241	 125	 131	 139
       8	  15	 244	 124	 129	 136
       8	  15	 237	 125	 132	 143
       8	  15	 234	 126	 133	 146
       8	  15	  57	 228	 125	 206
       8	  15	  54	 228	 127	 213
       8	  15	 113	 187	 147	 245
       8	  15	 213	 133	 141	 175
       8	  15	 237	 125	 132	 143
       8	  15	 238	 125	 132	 142
       8	  15	 225	 128	 136	 159
       8	  15	 165	 156	 149	 223
       8	  15	  44	 242	 104	 164
       8	  15	  40	 249	  88	 124
       8	  15	  53	 235	 113	 191
       8	  15	 135	 174	 148	 241
       8	  15	 208	 135	 141	 181
       8	  15	 218	 131	 139	 168
       8	  15	 150	 167	 145	 231
       8	  15	  54	 237	 102	 165
       8	  15	  49	 236	 116	 193
       8	  15	  37	 249	  92	 134
       8	  15	  46	 245	  94	 141
       8	  15	  46	 243	 101	 166
       8	  15	  91	 210	 126	 220
       8	  15	 160	 161	 145	 225
       8	  15	 143	 171	 145	 235
       8	  15	  56	 239	  96	 154
       8	  15	  54	 233	 119	 200
       8	  15	  37	 245	 105	 166
       8	  15	  39	 246	 101	 161
       8	  15	  52	 238	 104	 167
       8	  15	  57	 234	 108	 178
       8	  15	 139	 173	 145	 237
       8	  15	 171	 152	 149	 218
       8	  15	  87	 209	 132	 230
       9	  17	  81	 217	  78	  22
       9	  17	 178	 161	  89	  34
       9	  17	 183	 158	  90	  37
       9	  17	 186	 156	  92	  41
       9	  17	 189	 155	  94	  45
       9	  17	 187	 156	  94	  43
       9	  17	 182	 158	  91	  38
       9	  17	 171	 166	  86	  29
       9	  17	 107	 202	  77	  15
       9	  17	 206	 145	 101	  60
       9	  17	 218	 138	 107	  73
       9	  17	 224	 135	 110	  82
       9	  17	 214	 140	 105	  70
       9	  17	 203	 147	 100	  57
       9	  17	 206	 145	 101	  60
       9	  17	 212	 141	 104	  66
       9	  17	 115	 197	  79	  17
       9	  17	 198	 149	  97	  52
       9	  17	 203	 146	  99	  56
       9	  17	 201	 147	  98	  54
       9	  17	 203	 146	 100	  57
       9	  17	 203	 147	 100	  57
       9	  17	 205	 145	 101	  59
       9	  17	 205	 145	 101	  59
       9	  17	  63	 228	  77	  25
       9	  17	 134	 187	  79	  17
       9	  17	 128	 190	  79	  16
       9	  17	 127	 191	  78	  16
       9	  17	 161	 170	  86	  27
       9	  17	 189	 154	  95	  45
       9	  17	 211	 142	 103	  65
       9	  17	 216	 139	 106	  71
       9	  17	  41	 229	 100	  58
       9	  17	  62	 226	  82	  30
       9	  17	  62	 224	  84	  32
       9	  17	  67	 219	  89	  36
       9	  17	 124	 191	  83	  22
       9	  17	 152	 176	  85	  25
       9	  17	 166	 168	  85	  27
       9	  17	 188	 155	  93	  42
       9	  17	  31	 239	  94	  63
       9	  17	  66	 228	  74	  24
       9	  17	  99	 210	  71	  10
       9	  17	 103	 206	  73	  10
       9	  17	 121	 193	  81	  18
       9	  17	 146	 179	  84	  23
       9	  17	 159	 172	  84	  25
       9	  17	 184	 158	  91	  39
       9	  17	  39	 237	  87	  50
       9	  17	  86	 218	  69	  10
       9	  17	  79	 219	  73	  14
       9	  17	  73	 210	  97	  42
       9	  17	 104	 192	 100	  41
       9	  17	 145	 176	  93	  37
       9	  17	 162	 169	  90	  34
       9	  17	 174	 163	  89	  33
       9	  17	  61	 230	  77	  32
       9	  17	 125	 195	  73	  11
       9	  17	 146	 182	  76	  13
       9	  17	 125	 192	  78	  14
       9	  17	 113	 195	  86	  26
       9	  17	 127	 187	  89	  30
       9	  17	 142	 180	  87	  29
       9	  17	 150	 176	  88	  29
       9	  17	  68	 227	  72	  19
       9	  17	 112	 203	  69	   5
       9	  17	 126	 194	  71	   7
       9	  17	 115	 200	  72	   9
       9	  17	  93	 208	  82	  21
       9	  17	  93	 202	  93	  35
       9	  17	  72	 209	 100	  43
       9	  17	  65	 210	 106	  50
       9	  17	  77	 222	  71	  16
       9	  17	 139	 186	  74	  12
       9	  17	 128	 194	  71	   7
       9	  17	  83	 217	  73	  15
       9	  17	  91	 208	  84	  25
       9	  17	 108	 198	  85	  25
       9	  17	  94	 202	  92	  32
       9	  17	  86	 207	  91	  33
       9	  17	  67	 229	  69	  17
       9	  17	  91	 218	  64	   6
       9	  17	  69	 229	  68	  18
       9	  17	  67	 228	  71	  19
       9	  17	  83	 218	  72	  13
       9	  17	  65	 225	  78	  24
       9	  17	  55	 227	  89	  43
       9	  17	  32	 230	 107	  69
       9	  17	  60	 232	  72	  25
       9	  17	 100	 212	  66	   9
       9	  17	  66	 230	  68	  18
       9	  17	  62	 226	  81	  29
       9	  17	 106	 203	  76	  14
       9	  17	 150	 178	  82	  22
       9	  17	  85	 213	  79	  21
       9	  17	  45	 234	  86	  44
       9	  17	  60	 234	  69	  23
       9	  17	 111	 205	  66	   5
       9	  17	 113	 204	  68	   7
       9	  17	  97	 213	  66	   6
       9	  17	 104	 207	  69	   7
       9	  17	  98	 209	  73	  14
       9	  17	  87	 213	  78	  21
       9	  17	  75	 221	  76	  21
       9	  17	  65	 231	  68	  18
       9	  17	 124	 197	  69	   6
       9	  17	 105	 209	  64	   3
       9	  17	  91	 216	  66	   7
       9	  17	  91	 214	  72	  13
       9	  17	  82	 218	  73	  14
       9	  17	  71	 224	  76	  23
       9	  17	  58	 229	  81	  33
       9	  17	  65	 232	  67	  24
       9	  17	  99	 213	  64	   6
       9	  17	  90	 218	  65	  12
       9	  17	  87	 219	  66	   8
       9	  17	  82	 221	  68	  12
       9	  17	  60	 231	  73	  26
       9	  17	  39	 241	  82	  50
       9	  17	  29	 242	  93	  64
      10	  19	 225	 140	 114	 109
      10	  19	 235	 134	 119	 120
      10	  19	 236	 134	 120	 121
      10	  19	 240	 131	 123	 128
      10	  19	 242	 130	 124	 130
      10	  19	 242	 130	 123	 126
      10	  19	 239	 131	 122	 125
      10	  19	 213	 146	 119	 140
      10	  19	 229	 138	 115	 111
      10	  19	 231	 136	 116	 110
      10	  19	 231	 136	 116	 110
      10	  19	 233	 135	 118	 116
      10	  19	 230	 137	 118	 118
      10	  19	 235	 134	 119	 120
      10	  19	 233	 135	 119	 121
      10	  19	 170	 172	 112	 143
      10	  19	 210	 149	 107	  99
      10	  19	 223	 141	 111	  98
      10	  19	 227	 138	 113	 102
      10	  19	 229	 137	 114	 106
      10	  19	 229	 138	 115	 109
      10	  19	 232	 136	 117	 113
      10	  19	 231	 136	 118	 117
      10	  19	 137	 192	 103	 134
      10	  19	  31	 158	 225	 182
      10	  19	  40	 229	 125	 145
      10	  19	 151	 185	  92	  90
      10	  19	 215	 146	 109	 100
      10	  19	 242	 129	 119	 110
      10	  19	 253	 124	 125	 122
      10	  19	 221	 142	 110	  99
      10	  19	  54	 229	 118	 174


