
       1	   1	 106	  31	  28	 213	  72	  24	  50	  74	 114	 202	 160	 142	 147	 135	 122	 158	 106	 167	 149	 121
       1	   1	 110	  30	  25	 213	  73	  22	  50	  75	 115	 207	 159	 138	 139	 133	 114	 101	 105	 114	 146	 133
       1	   1	 112	  30	  23	 214	  74	  19	  51	  75	 117	 213	 161	 134	 132	 131	 114	  88	 108	 100	 148	 131
       1	   1	 106	  32	  26	 215	  77	  13	  55	  54	 118	 209	 166	 117	 115	 124	 122	 110	 127	  76	 162	 111
       1	   1	 101	  34	  30	 215	  76	  12	  56	  49	 119	 205	 167	 116	 116	 125	 125	 126	 129	  84	 163	 106
       1	   1	  90	  37	  36	 216	  78	  12	  61	  38	 121	 197	 167	 112	 109	 127	 131	 139	 137	  78	 163	  98
       1	   1	 103	  33	  28	 215	  75	  10	  54	  50	 117	 207	 169	 118	 120	 125	 127	 148	 128	 108	 166	 101
       1	   1	 141	  22	  15	 203	  75	  52	  52	 126	 124	 222	 150	 156	 151	 144	 113	 130	  89	 191	 140	 136
       1	   1	 174	  12	   6	 189	  83	  93	  56	 184	 137	 228	 134	 173	 154	 152	 102	  54	  87	 136	 126	 137
       1	   1	 147	  19	   8	 203	  72	  63	  45	 152	 125	 221	 144	 170	 157	 154	 103	  56	  77	 147	 125	 153
       1	   1	 112	  29	  22	 214	  70	  41	  48	 108	 119	 203	 149	 159	 149	 153	 112	  83	  85	 144	 126	 149
       1	   1	 113	  28	  22	 213	  69	  47	  47	 116	 120	 201	 146	 164	 151	 155	 113	  85	  87	 145	 125	 144
       1	   1	 116	  27	  22	 210	  67	  53	  44	 124	 116	 196	 144	 174	 166	 158	 118	 139	  82	 207	 126	 138
       1	   1	 100	  33	  31	 214	  73	  23	  53	  65	 116	 197	 161	 137	 141	 135	 126	 162	 110	 162	 150	 120
       1	   1	  91	  36	  37	 215	  75	  15	  58	  42	 117	 191	 165	 121	 123	 129	 134	 185	 132	 131	 164	  95
       1	   1	  84	  39	  42	 215	  77	  18	  63	  36	 120	 185	 164	 119	 119	 131	 141	 206	 139	 138	 164	  88
       1	   1	  88	  37	  38	 216	  75	  17	  58	  47	 117	 191	 163	 127	 128	 132	 133	 179	 127	 139	 157	 100
       1	   1	  87	  38	  38	 216	  77	  17	  60	  45	 120	 191	 161	 123	 119	 133	 129	 136	 128	  94	 154	 108
       1	   1	  86	  38	  39	 216	  77	  15	  61	  36	 119	 189	 166	 117	 117	 130	 138	 191	 138	 123	 165	  89
       1	   1	 100	  33	  31	 215	  73	  20	  52	  64	 115	 200	 161	 136	 140	 134	 126	 164	 113	 158	 152	 114
       1	   1	 122	  27	  20	 210	  72	  35	  47	 101	 117	 214	 157	 155	 162	 138	 115	 141	  88	 205	 138	 143
       1	   1	 113	  29	  23	 213	  74	  25	  50	  82	 118	 212	 159	 141	 140	 134	 112	  81	 100	 112	 141	 141
       1	   1	  84	  39	  41	 216	  78	  19	  64	  39	 122	 186	 162	 118	 112	 133	 133	 143	 135	  86	 155	 105
       1	   1	  83	  39	  41	 216	  78	  20	  63	  42	 122	 186	 161	 122	 116	 135	 132	 141	 132	  92	 152	 106
       1	   1	 105	  32	  26	 215	  73	  23	  50	  77	 117	 206	 159	 141	 139	 137	 117	  95	 102	 123	 140	 137
       1	   1	 123	  25	  17	 211	  66	  58	  42	 140	 117	 200	 141	 179	 166	 161	 119	 139	  85	 209	 127	 127
       1	   1	  91	  36	  37	 215	  76	  15	  59	  41	 118	 193	 166	 119	 121	 129	 135	 184	 134	 128	 164	  93
       1	   1	  82	  39	  42	 216	  79	  16	  65	  32	 123	 185	 164	 113	 107	 131	 135	 151	 141	  76	 161	  96
       1	   1	  71	  43	  52	 215	  84	  23	  75	  23	 130	 174	 161	 108	  97	 134	 142	 157	 151	  63	 157	  92
       1	   1	  60	  47	  63	 212	  89	  38	  88	  16	 140	 156	 155	 104	  83	 140	 152	 180	 168	  47	 154	  87
       1	   1	  52	  50	  72	 208	  94	  53	  99	  12	 147	 138	 150	 102	  75	 146	 167	 233	 183	  64	 154	  77
       1	   1	  62	  46	  62	 212	  87	  36	  84	  18	 136	 159	 157	 109	  95	 140	 155	 216	 161	 100	 156	  80
       1	   1	  91	  36	  37	 215	  77	  18	  61	  44	 121	 193	 163	 118	 114	 131	 128	 131	 132	  78	 157	 107
       1	   1	 104	  32	  27	 215	  74	  20	  52	  68	 117	 205	 161	 134	 133	 133	 118	 109	 111	 109	 148	 126
       1	   1	  75	  42	  48	 215	  80	  19	  69	  25	 124	 177	 164	 112	 107	 132	 145	 200	 148	 110	 163	  82
       1	   1	  59	  47	  63	 212	  89	  36	  87	  15	 138	 158	 157	 105	  87	 140	 151	 179	 163	  60	 153	  86
       1	   1	  64	  45	  59	 212	  86	  34	  82	  18	 134	 160	 158	 107	  93	 138	 155	 216	 165	  89	 160	  79
       1	   1	  79	  40	  45	 215	  80	  19	  68	  30	 125	 183	 164	 111	 104	 132	 137	 154	 144	  76	 160	  94
       1	   1	  96	  35	  33	 215	  73	  22	  54	  61	 116	 195	 161	 136	 138	 135	 130	 174	 116	 164	 152	 109
       1	   1	  84	  39	  41	 216	  79	  12	  64	  31	 121	 191	 168	 111	 111	 127	 141	 198	 144	 123	 169	  83
       1	   1	  74	  43	  49	 216	  82	  15	  72	  18	 126	 181	 167	 105	 100	 129	 147	 201	 154	 101	 168	  76
       1	   1	  62	  47	  60	 212	  90	  33	  88	  11	 140	 159	 159	  95	  72	 136	 158	 193	 179	  35	 164	  76
       1	   1	  57	  48	  67	 210	  92	  42	  94	   9	 144	 148	 157	  96	  72	 140	 167	 231	 185	  61	 162	  69
       1	   1	  55	  49	  69	 209	  92	  47	  94	  12	 144	 145	 153	 102	  79	 143	 165	 235	 180	  74	 157	  75
       1	   1	  63	  46	  59	 213	  86	  30	  81	  16	 133	 163	 159	 108	  97	 137	 152	 211	 160	  96	 159	  80
       1	   1	  75	  42	  49	 215	  80	  21	  69	  27	 124	 176	 162	 114	 110	 133	 144	 201	 147	 113	 162	  85
       1	   1	  88	  37	  37	 217	  77	  15	  60	  45	 120	 193	 163	 122	 118	 132	 128	 134	 129	  93	 155	 106
       1	   1	  76	  42	  47	 216	  82	  17	  70	  23	 126	 181	 165	 107	  99	 130	 141	 160	 150	  69	 162	  89
       1	   1	  60	  47	  62	 213	  89	  33	  86	  14	 138	 160	 158	 104	  86	 138	 151	 178	 164	  59	 155	  84
       1	   1	  60	  47	  63	 211	  88	  37	  86	  14	 137	 155	 157	 105	  88	 139	 158	 220	 170	  83	 158	  77
       1	   1	  70	  43	  52	 215	  84	  24	  76	  21	 131	 174	 162	 106	  95	 134	 144	 166	 154	  66	 159	  87
       1	   1	  73	  43	  50	 215	  83	  20	  73	  22	 129	 177	 163	 107	  97	 132	 142	 163	 152	  68	 160	  88
       1	   1	 129	  32	  26	 217	 100	  23	  82	  86	 129	 235	 140	 127	 109	 116	 103	  55	 121	  79	 151	 147
       1	   1	 100	  36	  30	 219	  81	   2	  62	  40	 119	 211	 167	 108	 103	 119	 125	 115	 138	  62	 169	 100
       1	   1	  73	  43	  50	 215	  85	  21	  76	  20	 131	 174	 163	 101	  87	 132	 146	 166	 162	  46	 164	  85
       1	   1	  70	  44	  53	 214	  85	  25	  78	  19	 133	 171	 162	 102	  87	 134	 149	 175	 163	  54	 163	  83
       1	   1	  76	  41	  47	 215	  81	  19	  70	  28	 126	 181	 163	 111	 104	 133	 138	 158	 145	  75	 159	  93
       1	   1	  84	  39	  41	 215	  78	  18	  64	  36	 122	 186	 163	 116	 111	 132	 134	 150	 138	  82	 159	  99
       1	   1	  78	  41	  47	 215	  78	  24	  66	  38	 122	 179	 160	 124	 121	 136	 140	 196	 136	 137	 155	  94
       1	   1	  73	  42	  51	 214	  81	  22	  71	  24	 125	 173	 162	 113	 107	 134	 146	 203	 149	 110	 161	  84
       1	   1	  75	  42	  48	 215	  80	  21	  69	  27	 124	 176	 163	 114	 110	 133	 145	 207	 147	 120	 162	  84
       1	   1	  83	  39	  42	 215	  76	  21	  61	  43	 119	 183	 160	 127	 126	 135	 136	 184	 130	 137	 155	  99
       1	   1	  82	  39	  43	 215	  77	  28	  63	  54	 122	 183	 156	 137	 134	 142	 133	 168	 117	 156	 141	 118
       1	   1	  72	  43	  52	 214	  81	  26	  72	  27	 125	 170	 159	 117	 111	 136	 146	 209	 147	 120	 158	  87
       1	   1	  78	  40	  46	 215	  78	  25	  65	  42	 122	 178	 158	 128	 123	 138	 138	 184	 132	 137	 150	 102
       1	   1	  70	  44	  53	 215	  87	  19	  80	  12	 133	 173	 166	  95	  82	 129	 157	 214	 173	  75	 172	  67
       1	   1	  68	  45	  55	 213	  86	  27	  81	  15	 134	 164	 162	  99	  84	 133	 158	 223	 174	  75	 169	  71
       1	   1	  84	  39	  41	 215	  78	  17	  63	  36	 122	 187	 163	 116	 112	 131	 133	 148	 137	  82	 159	 100
       1	   1	 106	  31	  29	 211	  73	  29	  53	  74	 118	 200	 160	 141	 146	 136	 125	 166	 106	 177	 148	 123
       1	   1	 102	  33	  29	 214	  75	  17	  54	  55	 117	 202	 165	 123	 123	 128	 123	 125	 123	  92	 158	 112
       1	   1	  90	  37	  37	 215	  77	  14	  61	  40	 121	 196	 168	 116	 117	 128	 136	 183	 136	 126	 165	  90
       1	   1	  85	  38	  40	 216	  78	  16	  63	  36	 123	 190	 165	 113	 108	 130	 134	 145	 139	  80	 160	  96
       1	   1	  91	  36	  36	 216	  75	  27	  57	  66	 120	 191	 155	 141	 136	 141	 122	 114	 108	 122	 137	 132
       1	   1	  97	  34	  34	 213	  71	  40	  52	  88	 117	 188	 149	 160	 159	 149	 124	 159	  97	 195	 131	 131
       1	   1	  96	  34	  33	 214	  74	  40	  55	  89	 121	 190	 147	 156	 148	 149	 116	  92	  96	 131	 125	 145
       1	   1	  85	  38	  41	 215	  77	  29	  62	  57	 123	 184	 154	 135	 127	 142	 126	 119	 118	 103	 139	 126
       1	   1	  66	  45	  57	 213	  85	  34	  79	  25	 132	 162	 155	 115	 101	 140	 144	 172	 151	  74	 150	  96
       1	   1	  59	  47	  65	 210	  87	  43	  86	  21	 136	 152	 152	 116	 101	 144	 154	 222	 158	 111	 150	  86
       2	   2	 227	   3	  31	 134	 115	 165	  85	 196	 153	 188	 114	 148	 101	 142	 131	 110	 160	  42	 144	 128
       2	   2	 212	   4	  13	 156	  95	 148	  69	 202	 142	 194	 121	 158	 115	 145	 138	 157	 153	 105	 147	 126
       2	   2	 202	   5	   9	 165	  89	 138	  62	 205	 140	 201	 122	 166	 123	 151	 127	  98	 134	  88	 135	 139
       2	   2	 208	   4	  11	 160	  93	 147	  67	 204	 143	 195	 121	 158	 111	 149	 133	 117	 151	  67	 142	 135
       2	   2	 206	   5	  15	 156	  92	 150	  68	 200	 143	 191	 124	 161	 123	 149	 145	 204	 152	 153	 148	 118
       2	   2	 209	   4	  16	 153	  97	 150	  69	 201	 146	 194	 120	 161	 119	 150	 126	  91	 139	  63	 135	 142
       2	   2	 214	   4	  24	 143	 100	 160	  73	 196	 146	 185	 123	 158	 123	 147	 146	 210	 155	 152	 149	 116
       2	   2	 225	   2	  39	 118	 118	 177	  87	 166	 160	 171	 129	 135	 106	 130	 139	 109	 162	  50	 136	 118
       2	   2	 228	   2	  45	 110	 121	 180	  87	 172	 162	 172	 127	 143	 115	 136	 140	 119	 158	  72	 134	 111
       2	   2	 231	   1	  52	 101	 126	 180	  90	 158	 164	 168	 131	 133	 109	 132	 141	 127	 160	  66	 140	 109
       2	   2	 233	   3	  45	 117	 126	 171	  95	 177	 160	 182	 118	 134	  87	 139	 135	 121	 168	  35	 150	 120
       2	   2	 225	   3	  32	 132	 115	 168	  86	 195	 157	 189	 117	 146	  97	 144	 134	 108	 162	  42	 142	 128
       2	   2	 218	   3	  22	 142	 103	 162	  77	 198	 153	 191	 124	 152	 111	 146	 141	 160	 158	 102	 145	 122
       2	   2	 218	   3	  22	 143	 106	 162	  79	 198	 155	 193	 122	 150	 103	 146	 136	 119	 159	  60	 142	 131
       2	   2	 222	   2	  25	 138	 107	 163	  78	 198	 153	 191	 120	 151	 107	 146	 134	 121	 157	  61	 143	 130
       2	   2	 225	   3	  31	 132	 113	 168	  84	 194	 158	 189	 119	 147	 100	 145	 134	 108	 160	  43	 142	 131
       2	   2	 227	   2	  35	 125	 117	 171	  87	 192	 161	 188	 120	 146	 102	 146	 137	 128	 161	  57	 145	 123
       2	   2	 226	   2	  34	 126	 114	 170	  83	 191	 160	 187	 122	 148	 105	 146	 135	 124	 158	  59	 144	 126
       2	   2	 224	   2	  34	 125	 113	 171	  81	 190	 159	 183	 121	 149	 105	 147	 134	 110	 157	  43	 141	 132
       2	   2	 228	   2	  41	 118	 119	 174	  86	 187	 162	 182	 121	 146	 102	 146	 138	 130	 163	  56	 145	 121
       2	   2	 220	   4	  19	 150	 105	 153	  78	 201	 145	 195	 115	 151	 102	 141	 132	 119	 158	  62	 144	 129
       2	   2	 212	   4	  16	 153	  98	 149	  70	 203	 145	 197	 120	 161	 118	 148	 128	 102	 139	  80	 138	 135
       2	   2	 205	   5	  12	 162	  94	 133	  65	 206	 146	 205	 122	 168	 133	 155	 118	  87	 116	 101	 137	 115
       2	   2	 205	   5	  10	 161	  91	 146	  66	 204	 143	 194	 122	 159	 112	 150	 133	 115	 150	  66	 141	 135
       2	   2	 212	   3	  16	 151	  97	 155	  71	 201	 148	 192	 121	 156	 110	 149	 131	 103	 151	  48	 140	 139
       2	   2	 222	   2	  27	 134	 108	 167	  80	 197	 156	 188	 121	 151	 107	 147	 135	 125	 157	  59	 143	 130
       2	   2	 224	   2	  33	 127	 113	 170	  83	 192	 161	 186	 121	 148	 106	 148	 133	 111	 156	  40	 142	 132
       2	   2	 216	   2	  20	 143	  99	 159	  71	 200	 149	 189	 124	 157	 118	 148	 140	 161	 153	 103	 146	 125
       2	   2	 208	   4	  15	 152	  94	 155	  67	 201	 148	 187	 122	 159	 113	 153	 133	 104	 149	  49	 138	 142
       2	   2	 212	   3	  17	 147	  96	 158	  68	 200	 149	 186	 123	 158	 116	 151	 135	 120	 150	  64	 140	 137
       2	   2	 213	   4	  14	 155	  98	 150	  71	 204	 144	 196	 119	 156	 110	 147	 135	 139	 154	  85	 146	 127
       2	   2	 209	   4	  12	 158	  93	 148	  68	 204	 145	 196	 122	 158	 114	 149	 135	 139	 152	  88	 145	 129
       2	   2	 209	   5	  15	 156	  97	 149	  71	 205	 148	 200	 121	 161	 116	 150	 128	  99	 141	  80	 136	 134
       2	   2	 212	   4	  19	 151	 102	 152	  74	 203	 151	 199	 119	 159	 113	 149	 127	  85	 142	  62	 135	 138
       2	   2	 216	   3	  18	 147	 100	 156	  73	 201	 148	 192	 122	 155	 113	 146	 139	 158	 156	 100	 147	 124
       2	   2	 221	   2	  24	 139	 105	 162	  77	 199	 152	 191	 122	 153	 112	 146	 139	 163	 157	 101	 148	 119
       2	   2	 219	   3	  29	 136	 107	 164	  80	 193	 153	 188	 123	 154	 119	 146	 145	 211	 158	 150	 150	 112
       2	   2	 216	   2	  20	 143	 101	 159	  72	 199	 151	 188	 120	 156	 113	 149	 130	 106	 151	  46	 141	 136
       2	   2	 206	   4	  11	 158	  90	 148	  63	 204	 143	 191	 122	 162	 119	 153	 132	 117	 146	  67	 141	 137
       2	   2	 205	   4	  10	 160	  90	 147	  63	 203	 142	 192	 122	 160	 115	 151	 133	 116	 149	  67	 140	 138
       2	   2	 205	   6	   8	 169	  92	 137	  66	 204	 138	 199	 118	 158	 107	 146	 131	 111	 151	  67	 143	 135
       2	   2	 205	   6	  10	 166	  93	 138	  66	 205	 141	 204	 120	 163	 118	 149	 125	  95	 137	  84	 137	 137
       2	   2	 213	   5	  17	 154	 102	 155	  78	 203	 150	 195	 117	 151	  99	 146	 133	 101	 159	  45	 140	 133
       2	   2	 219	   4	  21	 146	 106	 159	  79	 201	 152	 194	 118	 151	 101	 145	 134	 119	 160	  59	 144	 128
       2	   2	 220	   3	  25	 140	 108	 164	  80	 199	 154	 189	 118	 150	 101	 146	 133	 104	 159	  43	 141	 132
       2	   2	 223	   2	  28	 134	 110	 166	  80	 196	 156	 188	 119	 150	 105	 147	 132	 107	 156	  42	 142	 132
       2	   2	 221	   2	  25	 136	 105	 164	  75	 197	 152	 186	 120	 154	 111	 148	 134	 122	 155	  60	 142	 131
       2	   2	 214	   2	  21	 142	  99	 162	  71	 200	 152	 185	 121	 158	 113	 152	 132	 106	 151	  46	 139	 139
       2	   2	 213	   2	  19	 144	  95	 159	  67	 200	 148	 186	 124	 160	 120	 151	 139	 161	 152	 101	 145	 127
       2	   2	 211	   3	  19	 146	  98	 161	  70	 200	 150	 185	 120	 157	 109	 151	 134	 104	 154	  44	 139	 137
       2	   2	 214	   4	  14	 155	  97	 149	  71	 203	 143	 196	 120	 157	 112	 145	 137	 155	 155	 103	 148	 123
       2	   2	 210	   4	  13	 156	  94	 150	  68	 204	 145	 194	 120	 159	 113	 150	 132	 117	 150	  65	 142	 134
       2	   2	 207	   5	  10	 161	  92	 146	  67	 204	 143	 196	 121	 158	 112	 148	 132	 115	 150	  67	 141	 136
       2	   2	 205	   5	  15	 159	  93	 148	  69	 201	 142	 194	 123	 160	 122	 148	 144	 200	 152	 154	 148	 118
       2	   2	 212	   4	  25	 143	 100	 161	  74	 196	 148	 185	 123	 159	 124	 149	 148	 225	 155	 166	 150	 112
       2	   2	 228	   1	  36	 121	 114	 169	  82	 180	 156	 178	 122	 142	 105	 142	 136	 137	 159	  51	 150	 125
       2	   2	 218	   3	  46	 113	 114	 179	  84	 161	 159	 164	 134	 144	 132	 136	 153	 231	 157	 173	 144	  99
       2	   2	 207	   5	  28	 140	  99	 165	  75	 192	 152	 180	 126	 160	 129	 152	 152	 239	 154	 181	 147	 113
       2	   2	 198	   6	  13	 162	  87	 142	  61	 200	 140	 195	 127	 169	 136	 153	 139	 182	 135	 171	 140	 123
       2	   2	 200	   5	   9	 163	  86	 144	  60	 203	 140	 190	 123	 163	 118	 153	 133	 116	 146	  69	 139	 140
       2	   2	 221	   2	  23	 140	 105	 158	  76	 189	 148	 185	 121	 146	 104	 142	 135	 131	 159	  51	 150	 128
       2	   2	 212	   3	  16	 149	  95	 155	  67	 201	 147	 189	 122	 158	 117	 150	 133	 119	 148	  63	 142	 137
       2	   2	 208	   4	  18	 150	  93	 155	  66	 199	 144	 186	 125	 163	 130	 151	 145	 206	 149	 152	 147	 119
       2	   2	 216	   2	  29	 130	 106	 170	  78	 172	 154	 171	 129	 142	 116	 135	 137	 107	 155	  50	 134	 127
       2	   2	 218	   1	  33	 123	 109	 174	  79	 169	 158	 169	 131	 142	 118	 136	 137	 106	 154	  50	 133	 126
       2	   2	 221	   1	  38	 115	 112	 177	  80	 165	 161	 168	 133	 142	 121	 137	 138	 125	 154	  65	 137	 121
       2	   2	 219	   1	  28	 130	 105	 168	  74	 193	 156	 180	 122	 156	 116	 152	 132	 109	 150	  43	 140	 137
       2	   2	 210	   3	  17	 148	  96	 157	  69	 199	 150	 188	 123	 158	 114	 152	 131	 103	 149	  49	 138	 141
       2	   2	 197	   6	  13	 162	  87	 142	  61	 201	 141	 195	 127	 170	 137	 154	 138	 181	 133	 171	 140	 125
       2	   2	 204	   4	  11	 159	  89	 149	  63	 203	 144	 190	 124	 162	 117	 153	 134	 115	 147	  68	 139	 138
       3           3     135	 209	  21	  74	 225	 173	  59	 144	  99	 207	 129	 170	 103	 153	 108	 178	  87	  91	 162	 113
       3	   3	 164	 227	  48	  29	 140	 105	 170	 149	 119	 169	 183	 198	 122	 106	 161	 129	 140	 118	 161	 211
       3	   3	 151	 218	  41	  39	 163	 125	 157	 148	 119	 172	 182	 203	 113	 110	 166	 133	 143	 113	 179	 211
       3	   3	 148	 218	  33	  45	 182	 132	 133	 141	 111	 183	 175	 195	 109	 116	 155	 135	 127	 106	 170	 220
       3	   3	 130	 206	  24	  70	 219	 173	  82	 144	 102	 206	 142	 184	 105	 153	 111	 182	  87	  87	 169	 146
       3	   3	 128	 204	  22	  78	 228	 180	  60	 141	  99	 210	 128	 170	  97	 162	 104	 181	  85	  84	 166	 111
       3	   3	 153	 224	  23	  53	 203	 138	  88	 139	  99	 196	 149	 171	 113	 136	 109	 183	  85	  76	 148	 171
       3	   3	 127	 203	  21	  82	 232	 182	  54	 142	 100	 217	 125	 174	 101	 162	 106	 151	  82	  98	 163	 120
       3	   3	 148	 219	  28	  49	 192	 137	 113	 139	 103	 190	 161	 179	 113	 131	 117	 166	  97	  73	 134	 183
       3	   3	 168	 233	  28	  49	 190	 126	  90	 150	 108	 179	 149	 170	 125	 116	 117	 172	 116	  54	 140	 134
       3	   3	 189	 242	  54	  34	 127	  86	 145	 152	 119	 172	 155	 167	 143	 119	 104	 139	 113	  60	 106	 146
       3	   3	 156	 225	  22	  64	 215	 147	  62	 148	 105	 202	 134	 171	 130	 136	 103	 186	  95	  91	 155	 127
       3	   3	 140	 212	  29	  57	 201	 154	 106	 147	 108	 190	 158	 195	 112	 129	 137	 161	 120	  89	 189	 161
       3	   3	 154	 223	  32	  47	 184	 131	 119	 146	 112	 183	 165	 194	 124	 117	 138	 156	 125	  88	 177	 181
       3	   3	 142	 213	  32	  50	 191	 148	 123	 148	 109	 186	 163	 195	 114	 131	 125	 182	 108	  75	 172	 169
       3	   3	 137	 211	  22	  64	 216	 164	  81	 144	  99	 201	 144	 178	 103	 146	 112	 191	  89	  77	 168	 141
       3	   3	 170	 236	  27	  42	 183	 115	 100	 143	 103	 184	 154	 164	 121	 120	 114	 168	  98	  66	 123	 175
       3	   3	 187	 227	  98	  39	  53	  92	 185	 158	 124	 177	 131	 166	 136	 146	  99	 123	 120	  89	 111	  78
       3	   3	 174	 205	 132	  64	  19	 124	 180	 154	 125	 180	 103	 154	  95	 176	 110	 114	 119	 102	 114	  33
       3	   3	 181	 205	 143	  73	  15	 125	 174	 154	 136	 195	  95	 156	 124	 188	  87	 140	 113	 109	 129	  26
       3	   3	 213	 249	  77	  60	 105	  78	 101	 151	 131	 167	 121	 126	 123	 133	 102	 146	 105	  85	  87	  99
       3	   3	 185	 218	 119	  54	  29	 105	 181	 160	 125	 181	 114	 157	 112	 172	  97	 112	 109	  98	 114	  25
       3	   3	 182	 215	 121	  53	  24	 107	 192	 160	 132	 181	 117	 167	 107	 165	 130	  92	 129	 134	 148	  54
       3	   3	 163	 231	  28	  44	 186	 121	 107	 141	 106	 187	 156	 170	 125	 125	 112	 186	  96	  74	 127	 189
       3	   3	 123	 199	  24	  85	 231	 184	  58	 140	 102	 220	 124	 173	 104	 168	 102	 153	  78	 112	 157	 132
       3	   3	 111	 189	  28	  92	 231	 197	  63	 138	 105	 217	 119	 171	  90	 181	 103	 160	  80	 101	 159	 117
       3	   3	 147	 219	  22	  59	 210	 152	  83	 146	 104	 194	 151	 186	 112	 128	 135	 166	 118	  90	 194	 153
       3	   3	 196	 249	  45	  41	 144	  88	 101	 148	 112	 174	 136	 140	 132	 122	 101	 170	 101	  75	  97	 133
       3	   3	 212	 232	 120	  84	  52	  97	 104	 153	 136	 175	  84	 109	 109	 184	  84	 148	  96	 108	  97	  38
       3	   3	 208	 239	  97	  63	  70	  87	 123	 155	 132	 170	 104	 121	 104	 167	  92	 126	  90	  79	  87	  65
       3	   3	 186	 231	  84	  33	  71	  87	 189	 158	 127	 169	 159	 183	 123	 121	 154	 100	 146	 139	 154	 132
       3	   3	 191	 240	  68	  31	  96	  81	 166	 156	 121	 169	 160	 178	 134	 113	 140	 113	 138	 113	 140	 138
       3	   3	 166	 233	  21	  56	 206	 135	  64	 148	 103	 191	 135	 163	 126	 127	 102	 192	 103	  57	 154	 111
       3	   3	 144	 217	  19	  68	 223	 162	  60	 144	 100	 205	 132	 168	 113	 147	 101	 197	  91	  76	 166	 117
       3	   3	 116	 194	  25	  90	 234	 194	  56	 139	 103	 218	 119	 170	  93	 175	 105	 160	  83	 103	 164	 112
       3	   3	 110	 188	  28	  97	 234	 198	  57	 136	 108	 225	 116	 170	  96	 183	 103	 133	  79	 120	 154	 129
       3	   3	 148	 220	  20	  63	 214	 148	  67	 135	  97	 200	 137	 155	 103	 142	 109	 168	  87	  78	 128	 152
       3	   3	 190	 223	 114	  54	  38	  99	 179	 159	 134	 183	 113	 153	 123	 173	  96	 137	 107	 113	 116	  49
       3	   3	 202	 229	 111	  68	  52	  98	 129	 155	 130	 171	  96	 119	  94	 175	 100	 125	  94	  99	  93	  46
       3	   3	 209	 241	  94	  59	  79	  83	 129	 151	 141	 177	 111	 131	 135	 152	  92	 160	 102	  95	  95	 109
       3	   3	 180	 240	  27	  64	 200	 117	  45	 141	 119	 186	 108	 128	 148	 128	  96	 177	 124	  80	 124	 134
       3	   3	 174	 238	  25	  52	 195	 120	  72	 145	 106	 186	 138	 153	 128	 121	 108	 192	 106	  75	 126	 133
       3	   3	 178	 235	  54	  26	 121	  91	 173	 153	 119	 170	 177	 192	 124	 105	 159	 109	 142	 114	 159	 184
       3	   3	 190	 244	  49	  35	 133	  88	 131	 150	 116	 167	 160	 167	 120	 105	 150	 127	 130	 110	 138	 165
       3	   3	 184	 227	  92	  36	  61	  90	 191	 158	 127	 174	 146	 181	 136	 130	 133	 108	 145	 127	 146	 107
       3	   3	 120	 197	  27	  80	 224	 185	  77	 142	 105	 209	 134	 182	  98	 164	 109	 173	  85	  92	 167	 136
       3	   3	 115	 193	  28	  86	 228	 191	  70	 140	 105	 215	 130	 181	  94	 170	 112	 152	  82	 109	 163	 135
       3	   3	 168	 233	  29	  44	 182	 118	  99	 142	 104	 181	 153	 163	 115	 119	 117	 152	 100	  60	 120	 173
       3	   3	 172	 195	 151	  76	   5	 137	 177	 152	 133	 196	  94	 172	 121	 179	 111	 106	 138	 119	 163	  30
       3	   3	 183	 206	 142	  73	  15	 122	 176	 155	 140	 194	 101	 168	 126	 179	 109	 120	 129	 128	 160	  51
       3	   3	 188	 243	  39	  58	 176	 108	  71	 153	 121	 168	 135	 147	 134	 112	 116	 190	 125	  81	 117	  96
       3	   3	 182	 222	 103	  43	  51	  96	 201	 159	 138	 177	 147	 189	 132	 135	 142	  95	 151	 136	 163	 121
       3	   3	 192	 238	  74	  34	  89	  82	 169	 157	 124	 170	 158	 180	 136	 115	 138	 118	 140	 119	 140	 127
       3	   3	 145	 216	  19	  76	 227	 164	  42	 145	 101	 208	 117	 162	 118	 148	  99	 146	  98	  83	 159	  96
       3	   3	 167	 234	  25	  45	 189	 120	  93	 142	 100	 186	 152	 164	 117	 121	 112	 158	  97	  57	 127	 167
       3	   3	 182	 232	  73	  28	  86	  88	 189	 157	 122	 168	 168	 189	 123	 114	 156	  98	 148	 129	 158	 147
       3	   3	 155	 223	  30	  47	 188	 134	 113	 150	 110	 181	 166	 194	 123	 110	 142	 152	 137	  83	 174	 158
       3	   3	 169	 232	  39	  37	 161	 107	 137	 145	 116	 176	 171	 186	 131	 107	 142	 145	 131	 103	 150	 198
       3	   3	 191	 241	  63	  31	 106	  83	 158	 155	 121	 168	 162	 176	 130	 108	 144	 113	 137	 115	 139	 151
       3	   3	 185	 216	 122	  56	  25	 106	 188	 160	 134	 183	 117	 169	 112	 167	 119	  83	 128	 113	 150	  56
       3	   3	 209	 250	  65	  50	 118	  76	 115	 151	 135	 174	 137	 151	 144	 119	 123	 148	 129	 116	 131	 152
       3	   3	 116	 191	  32	  97	 227	 180	  60	 124	 113	 217	 117	 156	  93	 175	 112	 115	  83	 126	 126	 160
       3	   3	 154	 224	  25	  53	 198	 134	  95	 139	 106	 191	 158	 178	 114	 120	 140	 143	 119	  99	 161	 198
       3	   3	 185	 229	  87	  35	  69	  88	 192	 157	 131	 172	 153	 183	 135	 127	 137	 113	 140	 126	 142	 125
       3	   3	 189	 235	  79	  33	  79	  84	 177	 157	 124	 170	 157	 178	 131	 119	 140	 113	 137	 124	 138	 124
       3	   3	 190	 239	  67	  32	  99	  83	 163	 156	 119	 167	 163	 178	 130	 111	 143	 117	 136	 117	 136	 134
       3	   3	 189	 237	  69	  31	  93	  83	 170	 157	 120	 170	 161	 180	 134	 114	 139	 117	 137	 118	 139	 131
       3	   3	 141	 214	  21	  67	 219	 162	  71	 143	 104	 199	 140	 171	 105	 140	 119	 181	 104	  82	 161	 138
       3	   3	 186	 243	  39	  41	 161	  95	 110	 146	 116	 176	 149	 158	 135	 117	 108	 148	 108	  54	 113	 175
       3	   3	 196	 249	  44	  42	 146	  88	  99	 148	 113	 174	 137	 141	 134	 120	 103	 175	 104	  84	 100	 134
       3	   3	 178	 236	  50	  27	 130	  93	 158	 150	 115	 174	 163	 175	 138	 118	 115	 155	 113	  80	 117	 166
       3	   3	 103	 180	  37	  98	 223	 194	  82	 127	 116	 215	 124	 171	  83	 186	 114	 102	  76	 114	 132	 184
       3	   3	 109	 187	  31	  94	 228	 197	  70	 139	 111	 214	 129	 185	  90	 168	 134	 121	 101	 136	 179	 143
       3	   3	 178	 231	  67	  29	 103	  90	 189	 154	 131	 170	 172	 194	 135	 112	 153	 113	 147	 124	 159	 186
       3	   3	 175	 235	  43	  36	 151	 106	 137	 156	 119	 169	 170	 192	 133	  98	 149	 141	 148	  92	 162	 146
       3	   3	 185	 230	  88	  33	  64	  89	 187	 158	 123	 171	 150	 180	 124	 124	 141	  99	 140	 122	 142	 105
       3	   3	 142	 183	 134	  63	  23	 142	 233	 153	 155	 179	 113	 191	  98	 183	 155	  79	 155	 163	 189	 104
       3	   3	 176	 235	  49	  27	 131	  95	 159	 152	 112	 170	 175	 188	 126	 104	 150	 122	 135	 106	 147	 170
       4	   4	 169	 158	 208	 128	  33	 184	  77	 115	 118	 223	  56	 150	 205	 153	  67	 167	 180	  65	 157	 104
       4	   4	 169	 158	 208	 131	  34	 187	  72	 111	 130	 224	  49	 157	 193	 142	  89	 148	 171	  48	 159	 120
       4	   4	 175	 161	 209	 133	  32	 183	  67	 112	 128	 223	  57	 164	 190	 134	 111	 148	 181	  80	 184	 136
       4	   4	 167	 160	 204	 128	  29	 187	  73	 110	 136	 225	  32	 147	 198	 148	  88	 145	 174	  56	 160	 146
       4	   4	 175	 159	 211	 139	  38	 186	  54	 105	 139	 225	  50	 172	 176	 114	 129	 154	 163	  91	 174	 168
       4	   4	 183	 160	 216	 144	  43	 185	  38	 104	 136	 227	  56	 169	 167	 108	 139	 147	 159	  92	 181	 192
       4	   4	 180	 160	 215	 142	  39	 187	  41	 103	 137	 226	  54	 168	 165	 109	 144	 151	 162	 101	 180	 186
       4	   4	 180	 154	 222	 142	  48	 184	  42	 108	 116	 225	  74	 165	 187	 117	 128	 154	 176	  93	 186	 162
       4	   4	 171	 149	 222	 139	  46	 190	  42	 105	 121	 227	  58	 160	 198	 117	 129	 152	 182	  97	 186	 183
       4	   4	 165	 145	 223	 137	  47	 193	  44	 104	 122	 228	  59	 163	 205	 115	 127	 153	 186	  97	 185	 181
       4	   4	 159	 144	 220	 131	  42	 195	  60	 108	 119	 227	  68	 174	 211	 117	 111	 150	 192	  74	 176	 124
       4	   4	 164	 144	 223	 132	  47	 189	  58	 113	 106	 225	  79	 164	 215	 127	  92	 152	 196	  76	 174	 119
       4	   4	 169	 155	 214	 134	  38	 191	  61	 107	 132	 229	  55	 160	 193	 133	 102	 167	 172	  73	 166	 141
       4	   4	 158	 147	 215	 131	  37	 197	  65	 105	 135	 230	  49	 165	 208	 125	 114	 158	 191	  93	 180	 161
       4	   4	 158	 146	 217	 131	  39	 197	  63	 105	 133	 231	  52	 164	 210	 124	 113	 151	 192	  85	 180	 160
       4	   4	 174	 151	 223	 139	  47	 188	  47	 108	 119	 228	  73	 168	 196	 117	 123	 144	 180	  75	 184	 155
       4	   4	 166	 146	 223	 139	  48	 196	  44	 100	 137	 233	  64	 181	 186	  98	 139	 160	 171	  95	 177	 186
       4	   4	 167	 135	 234	 140	  67	 194	  33	  98	 121	 227	 114	 214	 170	  61	 133	 144	 144	  88	 139	 135
       4	   4	 170	 132	 237	 141	  77	 189	  29	 100	 114	 224	 124	 212	 167	  58	 138	 147	 140	 100	 136	 137
       4	   4	 166	 142	 228	 139	  54	 195	  39	 101	 132	 235	  71	 181	 189	  93	 139	 152	 170	  88	 173	 185
       4	   4	 162	 146	 219	 133	  42	 195	  58	 106	 128	 229	  55	 164	 205	 120	 113	 133	 190	  70	 177	 164
       4	   4	 168	 148	 221	 136	  44	 193	  47	 104	 127	 230	  56	 162	 199	 117	 124	 148	 187	  92	 186	 185
       4	   4	 159	 143	 221	 132	  45	 195	  59	 108	 122	 228	  73	 174	 206	 115	 117	 157	 192	  86	 176	 129
       4	   4	 157	 141	 222	 132	  46	 195	  58	 107	 120	 228	  71	 175	 210	 113	 115	 157	 191	  82	 173	 127
       4	   4	 183	 148	 228	 149	  62	 186	  32	 102	 129	 227	 104	 212	 143	  72	 136	 166	 130	  86	 152	 165
       4	   4	 164	 142	 226	 141	  53	 199	  39	  98	 142	 233	  77	 199	 172	  81	 139	 162	 157	  90	 161	 177
       4	   4	 153	 137	 223	 131	  50	 199	  54	 101	 122	 226	  68	 170	 219	 107	 119	 144	 194	 101	 168	 136
       4	   4	 163	 148	 218	 135	  40	 196	  53	 102	 136	 230	  55	 181	 188	 104	 125	 133	 173	  63	 170	 162
       4	   4	 181	 156	 220	 144	  47	 187	  38	 102	 136	 230	  58	 174	 171	 102	 143	 150	 158	  91	 179	 195
       4	   4	 175	 147	 226	 145	  55	 192	  34	  99	 139	 233	  79	 198	 162	  81	 140	 163	 150	  93	 164	 182
       4	   4	 164	 131	 236	 138	  71	 193	  31	  99	 118	 226	 117	 215	 172	  58	 133	 141	 146	  90	 137	 133
       4	   4	 160	 135	 231	 136	  60	 198	  36	  97	 125	 228	  80	 184	 196	  82	 140	 120	 171	  81	 159	 161
       4	   4	 157	 141	 223	 131	  46	 196	  58	 108	 122	 230	  72	 172	 212	 115	 117	 158	 192	  85	 175	 131
       4	   4	 153	 144	 216	 126	  40	 196	  73	 112	 117	 226	  65	 159	 220	 141	  75	 171	 193	  70	 155	  98
       4	   4	 147	 140	 216	 125	  41	 198	  76	 111	 119	 226	  67	 161	 223	 139	  74	 172	 196	  69	 152	  96
       4	   4	 157	 140	 223	 129	  48	 193	  62	 112	 110	 227	  81	 167	 219	 125	  94	 159	 201	  83	 173	 119
       4	   4	 175	 148	 225	 143	  51	 191	  36	 101	 132	 232	  66	 178	 178	  97	 140	 151	 164	  90	 178	 193
       4	   4	 155	 140	 223	 135	  46	 202	  48	 100	 138	 233	  63	 183	 196	  97	 136	 160	 178	  91	 173	 177
       4	   4	 151	 138	 222	 132	  45	 203	  54	 101	 137	 233	  63	 184	 202	  98	 130	 152	 182	  80	 169	 157
       4	   4	 163	 139	 229	 139	  56	 196	  39	 101	 133	 234	  72	 183	 191	  92	 141	 160	 171	  95	 173	 187
       4	   4	 165	 141	 228	 139	  56	 195	  41	 102	 134	 235	  73	 181	 191	  96	 141	 162	 169	  95	 173	 187
       4	   4	 151	 137	 223	 132	  50	 203	  54	  98	 136	 230	  68	 184	 208	  95	 127	 137	 179	  85	 159	 143
       4	   4	 139	 130	 223	 130	  53	 208	  59	  98	 138	 227	  71	 187	 215	  93	 131	 159	 187	 107	 155	 134
       4	   4	 146	 131	 226	 128	  55	 202	  58	 104	 121	 227	  83	 180	 225	 101	 116	 143	 196	  86	 159	 108
       4	   4	 152	 137	 223	 132	  50	 198	  60	 107	 125	 228	  76	 177	 212	 111	 121	 170	 193	  96	 172	 130
       4	   4	 157	 142	 222	 132	  45	 196	  60	 108	 123	 229	  72	 174	 212	 116	 115	 159	 192	  81	 176	 131
       4	   4	 163	 147	 218	 132	  40	 192	  61	 109	 120	 226	  69	 173	 204	 119	 113	 154	 189	  82	 177	 127
       4	   4	 167	 142	 227	 140	  53	 194	  39	 101	 132	 233	  69	 183	 187	  93	 139	 159	 169	  95	 175	 184
       4	   4	 154	 142	 218	 131	  42	 198	  62	 105	 131	 230	  53	 167	 215	 121	 114	 157	 196	  90	 179	 158
       4	   4	 161	 145	 220	 133	  44	 194	  61	 108	 124	 228	  69	 173	 207	 119	 113	 146	 189	  68	 177	 134
       4	   4	 174	 149	 223	 145	  52	 193	  37	  98	 144	 231	  72	 199	 159	  85	 133	 139	 148	  66	 162	 188
       4	   4	 196	 147	 231	 161	  84	 175	  33	 108	 122	 216	 149	 230	 105	  69	 104	 138	 119	  59	 135	 145
       4	   4	 185	 149	 227	 154	  68	 185	  34	 104	 134	 225	 126	 219	 126	  74	 106	 160	 132	  85	 143	 170
       4	   4	 180	 148	 227	 148	  61	 188	  36	 103	 133	 229	 104	 212	 145	  74	 132	 153	 130	  69	 151	 168
       4	   4	 170	 142	 228	 141	  59	 192	  39	 102	 133	 234	  74	 182	 183	  93	 143	 161	 168	  99	 175	 187
       4	   4	 157	 137	 228	 135	  54	 200	  43	 101	 136	 236	  71	 184	 197	  92	 135	 147	 176	  79	 171	 181
       4	   4	 144	 133	 223	 128	  51	 204	  63	 103	 124	 226	  79	 180	 223	 106	 112	 131	 197	  73	 160	 108
       4	   4	 146	 134	 224	 129	  51	 202	  60	 103	 122	 225	  79	 181	 221	 104	 118	 148	 194	  91	 162	 107
       4	   4	 145	 132	 226	 130	  53	 204	  54	 100	 128	 227	  83	 196	 212	  87	 124	 138	 183	  75	 153	 106
       4	   4	 151	 134	 226	 132	  52	 200	  53	 104	 129	 232	  81	 194	 201	  91	 125	 154	 183	  74	 163	 126
       4	   4	 136	 137	 212	 122	  38	 204	  86	 110	 126	 222	  56	 166	 227	 143	  73	 165	 202	  62	 151	  88
       4	   4	 139	 130	 222	 125	  51	 203	  66	 105	 119	 223	  69	 168	 237	 118	  94	 136	 207	  83	 159	 116
       4	   4	 157	 136	 227	 138	  57	 202	  39	  93	 136	 228	  80	 205	 183	  71	 135	 137	 161	  86	 151	 154
       4	   4	 195	 139	 234	 159	 100	 167	  43	 120	  90	 197	 195	 192	 125	 125	  13	 136	 179	  98	 146	 156
       4	   4	 201	 134	 234	 162	 116	 156	  49	 129	  71	 189	 200	 157	 143	 152	  28	 135	 195	 117	 166	 169
       4	   4	 191	 124	 239	 148	 117	 160	  44	 118	  67	 192	 194	 170	 157	 125	  31	 130	 197	 143	 148	 140
       4	   4	 184	 119	 244	 139	 117	 160	  41	 120	  65	 196	 194	 170	 164	 120	  31	  96	 200	 112	 141	 134
       4	   4	 160	 119	 242	 132	  93	 183	  34	 108	 105	 219	 149	 213	 169	  65	  86	 119	 158	  85	 117	 119
       4	   4	 142	 124	 231	 129	  64	 203	  42	  99	 129	 229	  82	 190	 214	  77	 137	 138	 184	  96	 154	 143
       4	   4	 131	 123	 225	 126	  57	 209	  57	 100	 134	 225	  72	 192	 223	  87	 122	 128	 190	  70	 148	 120
       4	   4	 125	 116	 227	 126	  70	 202	  52	 106	 140	 220	  89	 208	 211	  83	 125	 143	 177	  97	 130	  78
       4	   4	 131	 108	 238	 121	  91	 185	  36	 116	 124	 218	 123	 216	 195	  67	 126	 118	 163	  83	 118	  74

