
       1	   1	 168	 175	  51	  43	 126	 166	 110	 118	 110	 139	  81	 163	 192	 128	 232	  66	  15	 211	 208	 211
       1	   1	 165	 171	  50	  46	 115	 165	 114	 112	 118	 140	  90	 161	 147	 135	 232	  66	  12	 218	 209	 197
       1	   1	 164	 170	  51	  44	 110	 160	 115	  88	 119	 137	  72	 160	 161	  84	 218	  66	  16	 215	 197	 197
       1	   1	 165	 166	  50	  50	 129	 157	 136	 123	 109	 137	  83	 168	 167	 117	 225	  65	  15	 216	 215	 207
       1	   1	 168	 161	  47	  53	 139	 159	  66	 155	 115	 130	  88	 154	 136	 149	 230	  62	  16	 218	 201	 202
       1	   1	 170	 161	  45	  58	 151	 155	 125	 115	 128	 166	  87	 154	 131	 127	 231	  61	  12	 228	 190	 218
       1	   1	 185	 181	  61	  59	 143	 161	 183	 124	 113	 159	 106	 157	 191	 135	 233	  65	  11	 213	 204	 201
       1	   1	 180	 183	  59	  51	 130	 163	 128	  90	 117	 138	  68	 158	 177	 113	 225	  59	  15	 212	 205	 195
       1	   1	 178	 182	  59	  49	 126	 163	 129	 112	 112	 140	  81	 159	 153	 118	 227	  61	  13	 211	 201	 195
       1	   1	 182	 180	  60	  57	 132	 158	 156	  95	 120	 137	  74	 160	 168	 129	 228	  62	  14	 206	 214	 204
       1	   1	 186	 176	  61	  64	 153	 155	 176	 108	 118	 141	  84	 164	 165	 124	 230	  59	  16	 221	 213	 196
       1	   1	 183	 171	  56	  65	 157	 158	 114	 132	 119	 122	  70	 153	 140	 111	 227	  60	  15	 214	 211	 190
       1	   1	 194	 196	  70	  57	 135	 163	 205	 145	 102	 159	  88	 159	 137	 104	 224	  60	  12	 213	 212	 211
       1	   1	 188	 192	  65	  49	 120	 172	 125	 103	 114	 170	  72	 157	 135	 137	 225	  59	  13	 202	 208	 205
       1	   1	 185	 188	  61	  46	 117	 173	 130	 170	 103	 159	  88	 155	 149	 156	 230	  61	  15	 216	 201	 206
       1	   1	 188	 189	  64	  56	 135	 163	 151	  80	 123	 157	  71	 160	 179	 114	 224	  61	  13	 217	 211	 208
       1	   1	 193	 191	  68	  66	 153	 158	 134	  99	 125	 142	  86	 165	 175	 148	 227	  62	  19	 227	 199	 193
       1	   1	 192	 188	  64	  65	 159	 164	 103	 128	 126	 143	  76	 164	 127	 127	 229	  59	   9	 201	 207	 194
       1	   1	 190	 186	  66	  65	 156	 162	 141	  89	 123	 153	  91	 162	 167	  97	 221	  64	  12	 204	 200	 204
       1	   1	 186	 188	  64	  58	 134	 162	 147	 108	 113	 167	  82	 151	 146	 120	 227	  60	  11	 209	 205	 192
       1	   1	 184	 187	  61	  49	 120	 173	 133	 117	 113	 154	  72	 157	 179	 136	 232	  56	  13	 222	 205	 207
       1	   1	 186	 189	  63	  49	 125	 174	 129	 145	 106	 139	  70	 157	 172	 121	 223	  59	  12	 203	 211	 195
       1	   1	 187	 189	  64	  57	 137	 165	 120	  80	 130	 138	  65	 161	 156	 104	 221	  62	  10	 206	 201	 203
       1	   1	 189	 189	  64	  63	 154	 161	 138	  92	 123	 174	  91	 156	 198	 135	 224	  62	  14	 220	 200	 199
       1	   1	 171	 166	  55	  62	 139	 161	 161	 145	 115	 165	  70	 159	 164	 143	 229	  64	  11	 208	 214	 205
       1	   1	 173	 175	  58	  54	 130	 164	 134	 111	 109	 138	  57	 151	 159	 108	 219	  65	  13	 216	 212	 193
       1	   1	 177	 183	  59	  48	 117	 168	 171	  82	 115	 187	  73	 147	 176	 158	 233	  62	  13	 214	 212	 203
       1	   1	 188	 191	  66	  51	 123	 171	 130	  65	 111	 147	  69	 156	 133	 131	 227	  64	  15	 210	 217	 210
       1	   1	 193	 192	  69	  61	 141	 165	 145	  63	 121	 165	  79	 164	 175	  97	 222	  59	  12	 214	 207	 217
       1	   1	 188	 187	  64	  61	 147	 166	 115	 114	 124	 156	  78	 160	 217	 117	 228	  60	  15	 220	 199	 205
       1	   1	 159	 153	  49	  55	 132	 156	 138	 129	 122	 177	  77	 161	 154	  91	 218	  66	   8	 211	 197	 203
       1	   1	 165	 165	  52	  54	 114	 165	  80	 143	 107	 115	  71	 157	 165	  98	 223	  64	  11	 220	 210	 198
       1	   1	 171	 172	  56	  54	 122	 167	 107	 126	 109	 140	  86	 166	 180	 114	 224	  64	  14	 214	 211	 183
       1	   1	 178	 176	  59	  55	 126	 174	 104	 139	 114	 145	  67	 158	 152	 153	 225	  62	  16	 222	 200	 207
       1	   1	 186	 182	  64	  62	 133	 166	 119	 130	 111	 149	  91	 161	 121	 127	 225	  64	  12	 210	 207	 188
       1	   1	 184	 179	  59	  57	 132	 170	  92	 155	 113	 149	  78	 163	 145	 155	 229	  56	  15	 226	 198	 205
       1	   1	 171	 162	  56	  65	 138	 155	  94	 115	 129	 145	  89	 170	 166	 181	 233	  63	  12	 210	 203	 215
       1	   1	 166	 165	  54	  54	 132	 155	 134	 103	 117	 148	  79	 161	 166	 115	 222	  65	  10	 215	 207	 201
       1	   1	 170	 170	  56	  56	 130	 153	 164	  80	 115	 149	  87	 163	 163	 116	 224	  62	  12	 236	 193	 208
       1	   1	 176	 174	  58	  56	 136	 159	 165	 116	 114	 117	  56	 155	 171	 144	 224	  62	  18	 226	 202	 184
       1	   1	 184	 180	  63	  63	 139	 156	 219	 129	 112	 109	  64	 163	 160	 119	 228	  59	  12	 226	 208	 210
       1	   1	 189	 184	  64	  65	 138	 159	 149	 109	 121	 118	  65	 160	 171	 138	 229	  59	  19	 220	 201	 208
       1	   1	 154	 154	  48	  61	 123	 154	 107	 127	 125	 168	  81	 174	 151	 124	 225	  66	  14	 219	 217	 183
       1	   1	 151	 159	  48	  50	 109	 163	 118	 192	 107	 143	  67	 158	 157	  93	 220	  70	  14	 223	 207	 203
       1	   1	 158	 169	  51	  51	 111	 162	 116	 115	 111	 138	  63	 164	 154	 138	 232	  64	  13	 217	 231	 215
       1	   1	 165	 175	  52	  47	 111	 168	 117	 116	 109	 140	  74	 161	 185	 105	 221	  60	  13	 227	 223	 214
       1	   1	 174	 179	  57	  49	 118	 172	 143	 127	 108	 164	  90	 162	 201	 146	 227	  63	  14	 224	 216	 235
       1	   1	 183	 184	  62	  51	 119	 172	 132	 145	 105	 166	  81	 163	 158	  97	 225	  61	   9	 213	 212	 210
       1	   1	 171	 166	  59	  66	 146	 148	 111	 133	 118	 164	  92	 171	 147	 104	 221	  63	   8	 219	 197	 201
       1	   1	 160	 163	  52	  62	 131	 148	 160	 140	 118	 165	  84	 160	 172	 118	 230	  64	   8	 232	 197	 213
       1	   1	 160	 165	  53	  58	 129	 151	 166	 129	 108	 144	  82	 161	 198	  83	 222	  67	  10	 222	 205	 205
       1	   1	 165	 168	  52	  59	 127	 155	 169	 128	 111	 135	  90	 162	 178	 176	 235	  67	  17	 226	 192	 194
       1	   1	 165	 171	  51	  51	 117	 160	 176	 147	 108	 149	  93	 163	 169	 113	 231	  62	  11	 223	 206	 215
       1	   1	 167	 172	  52	  47	 117	 161	 174	  96	 111	 178	  87	 158	 170	  98	 227	  62	  13	 229	 219	 213
       1	   1	 175	 164	  60	  67	 141	 153	 115	 156	 115	 147	  83	 169	 155	 104	 221	  61	  12	 217	 210	 218
       1	   1	 163	 159	  53	  58	 125	 153	 135	 105	 126	 161	  83	 163	 171	 127	 226	  62	  11	 231	 214	 189
       1	   1	 156	 158	  52	  57	 126	 154	 104	 101	 122	 174	  81	 163	 139	 149	 228	  65	  15	 228	 210	 207
       1	   1	 152	 154	  50	  61	 120	 148	 139	 121	 118	 150	  78	 166	 173	 167	 226	  63	  16	 226	 200	 195
       1	   1	 151	 152	  47	  57	 129	 157	 110	 117	 115	 184	  82	 152	 165	 142	 220	  68	  15	 216	 209	 187
       1	   1	 154	 160	  50	  55	 114	 152	 142	 111	 105	 159	  88	 149	 164	 167	 225	  66	  15	 216	 215	 190
       1	   1	 169	 158	  55	  59	 134	 152	  95	 117	 125	 141	  66	 160	 164	 157	 226	  57	  17	 246	 208	 205
       1	   1	 162	 159	  54	  60	 124	 151	 132	 132	 117	 155	  87	 161	 170	 148	 230	  61	  14	 240	 205	 191
       1	   1	 160	 161	  56	  61	 126	 145	 157	 113	 120	 166	  87	 161	 159	 114	 222	  66	  18	 229	 202	 185
       1	   1	 156	 159	  53	  58	 118	 150	 101	 128	 118	 155	  79	 160	 165	 144	 226	  66	  15	 217	 210	 194
       1	   1	 157	 157	  52	  63	 131	 147	 162	 132	 116	 156	  87	 166	 168	 145	 222	  64	  16	 234	 194	 205
       1	   1	 157	 156	  49	  55	 120	 152	 136	 126	 117	 156	  74	 166	  93	 125	 223	  65	  14	 231	 202	 211
       1	   1	 171	 154	  54	  60	 139	 155	 126	 171	 117	 167	  85	 158	 168	 118	 220	  63	  10	 215	 199	 197
       1	   1	 171	 158	  56	  67	 138	 150	 120	 123	 123	 158	  81	 164	 150	 105	 220	  63	  14	 218	 215	 197
       1	   1	 166	 154	  53	  66	 145	 150	 124	 120	 128	 161	  76	 167	 196	  77	 213	  64	  11	 217	 204	 203
       1	   1	 161	 150	  54	  65	 139	 143	 153	 174	 122	 181	  97	 169	 216	 161	 225	  59	  17	 230	 205	 199
       1	   1	 156	 145	  52	  64	 141	 141	 125	 114	 131	 178	  86	 161	 182	 160	 223	  65	  12	 220	 205	 187
       1	   1	 153	 145	  50	  68	 134	 143	 130	 133	 128	 156	  77	 166	 147	 137	 227	  68	   9	 211	 214	 202
       1	   1	 164	 153	  53	  59	 125	 149	 129	 118	 130	 187	  77	 164	 135	 167	 225	  66	  16	 211	 204	 192
       1	   1	 170	 162	  56	  60	 130	 164	 100	 190	 111	 152	  95	 158	 162	 129	 223	  67	  13	 223	 210	 196
       1	   1	 175	 171	  63	  74	 138	 144	 166	 144	 116	 173	  99	 173	 144	  88	 222	  63	  12	 217	 224	 203
       1	   1	 165	 158	  54	  60	 131	 151	  92	 123	 125	 170	  60	 164	 132	 102	 210	  65	  15	 210	 214	 201
       1	   1	 163	 149	  51	  64	 133	 150	 130	 159	 115	 151	  90	 169	 172	 143	 219	  62	  14	 231	 212	 200
       1	   1	 163	 149	  53	  66	 133	 148	  95	 116	 126	 158	  64	 169	 134	 135	 226	  60	  13	 237	 196	 217
       2	   2	 180	 145	  49	  39	 132	 167	 121	 114	 122	 138	  85	 162	 166	 137	 232	  57	  16	 208	 203	 208
       2	   2	 179	 143	  49	  37	 126	 167	 125	 129	 116	 123	  95	 166	 188	 137	 234	  58	  15	 212	 203	 197
       2	   2	 177	 140	  47	  39	 135	 163	 125	  55	 128	 144	  76	 161	 173	 142	 225	  61	  19	 214	 210	 221
       2	   2	 176	 138	  48	  43	 132	 158	 150	 114	 122	 139	  85	 159	 149	 125	 230	  58	  11	 195	 206	 201
       2	   2	 177	 138	  49	  44	 140	 160	 115	  88	 129	 165	 107	 162	 178	 149	 231	  59	  14	 214	 208	 222
       2	   2	 179	 144	  51	  43	 134	 163	  83	  93	 128	 141	  87	 166	 154	 132	 228	  59	  16	 218	 202	 222
       2	   2	 180	 150	  54	  45	 135	 161	 140	 126	 114	 144	  97	 157	 159	 133	 226	  61	  19	 218	 196	 205
       2	   2	 175	 143	  49	  37	 126	 165	 127	 100	 118	 128	  89	 161	 174	 110	 222	  62	  15	 204	 195	 198
       2	   2	 176	 141	  49	  38	 126	 163	 161	  73	 120	 144	  95	 165	 173	 113	 224	  63	  16	 204	 203	 203
       2	   2	 175	 139	  48	  38	 128	 163	 162	  70	 121	 142	  95	 167	 199	 106	 226	  60	  13	 212	 196	 224
       2	   2	 175	 140	  48	  38	 123	 164	 129	  99	 119	 125	  86	 166	 180	 134	 234	  57	  17	 217	 198	 197
       2	   2	 177	 142	  50	  42	 136	 157	 182	  89	 124	 144	  86	 159	 186	 121	 227	  57	  18	 228	 199	 208
       2	   2	 179	 145	  52	  47	 144	 157	 141	 100	 123	 136	  83	 158	 197	 109	 225	  60	  14	 215	 194	 219
       2	   2	 181	 150	  55	  49	 132	 158	 140	 128	 121	 117	  82	 157	 186	 171	 239	  60	  20	 217	 204	 204
       2	   2	 176	 142	  47	  37	 127	 166	 161	  76	 125	 155	  85	 165	 184	 106	 215	  60	  17	 208	 201	 209
       2	   2	 177	 142	  49	  36	 128	 166	 129	  75	 119	 138	  84	 164	 225	 103	 216	  61	  18	 223	 203	 224
       2	   2	 175	 141	  48	  34	 121	 169	 163	 127	 114	 159	  97	 164	 184	 104	 223	  63	  17	 206	 206	 198
       2	   2	 175	 140	  48	  37	 124	 164	 160	 130	 116	 126	  85	 160	 159	 148	 228	  60	  13	 205	 197	 205
       2	   2	 176	 142	  49	  40	 127	 165	 125	 129	 112	 120	  96	 154	 189	 146	 222	  65	  18	 213	 200	 222
       2	   2	 177	 145	  52	  44	 133	 163	 147	 147	 116	 126	  78	 160	 137	 153	 231	  60	  14	 205	 205	 207
       2	   2	 179	 150	  55	  44	 125	 161	 148	  91	 122	 125	  85	 157	 148	 117	 229	  61	  15	 214	 200	 221
       2	   2	 178	 146	  50	  41	 127	 163	  86	  80	 126	 128	  96	 161	 177	 138	 228	  59	  16	 212	 196	 214
       2	   2	 180	 148	  52	  43	 125	 161	 118	  60	 131	 133	  96	 156	 191	 153	 231	  58	  15	 206	 196	 208
       2	   2	 180	 147	  52	  42	 131	 163	 149	 137	 106	 112	  95	 163	 174	 142	 234	  59	  16	 209	 207	 213
       2	   2	 177	 145	  51	  39	 125	 165	 123	 133	 119	 123	 101	 160	 237	 145	 227	  60	  15	 192	 207	 200
       2	   2	 178	 144	  51	  41	 132	 160	 180	 115	 115	 155	 101	 158	 202	 107	 217	  60	  19	 221	 194	 212
       2	   2	 178	 148	  52	  38	 119	 172	  93	 129	 112	 123	  94	 155	 187	 144	 225	  64	  18	 202	 208	 198
       2	   2	 180	 152	  55	  37	 111	 172	 126	 131	 111	 127	  95	 159	 156	 128	 227	  60	  15	 210	 196	 200
       2	   2	 178	 146	  50	  48	 137	 163	 114	 120	 127	  99	  64	 160	 190	 129	 226	  57	  15	 202	 196	 207
       2	   2	 180	 149	  53	  46	 137	 163	 146	  91	 124	 125	  92	 169	 187	 113	 223	  62	  18	 208	 200	 193
       2	   2	 179	 150	  54	  41	 129	 165	 149	 116	 116	 138	  93	 155	 172	 152	 227	  62	  18	 214	 190	 204
       2	   2	 178	 148	  53	  39	 130	 165	 184	 138	 109	 121	  87	 165	 183	 103	 223	  62	  12	 196	 219	 194
       2	   2	 176	 146	  51	  38	 124	 165	 155	 110	 123	 141	  79	 158	 178	 114	 223	  57	  10	 206	 199	 210
       2	   2	 177	 147	  53	  44	 139	 162	 146	  92	 122	 132	  80	 161	 181	 132	 227	  61	  15	 202	 210	 218
       2	   2	 178	 152	  55	  40	 125	 163	 146	 117	 115	 145	  91	 153	 197	 138	 223	  65	  20	 211	 200	 217
       2	   2	 179	 146	  51	  43	 130	 169	 119	 115	 128	 137	  88	 165	 187	 158	 233	  58	  13	 202	 201	 199
       2	   2	 180	 146	  52	  37	 131	 174	  90	 109	 123	 136	  84	 163	 188	 140	 225	  62	  18	 210	 195	 206
       2	   2	 179	 147	  54	  34	 127	 170	 125	  84	 122	 119	  57	 167	 159	  79	 216	  61	  16	 201	 211	 221
       2	   2	 176	 144	  51	  34	 113	 171	 100	 125	 121	 111	  74	 159	 215	 143	 227	  58	  17	 203	 201	 200
       2	   2	 175	 141	  50	  34	 121	 169	 131	  97	 119	 131	  78	 159	 189	 128	 226	  56	  14	 213	 206	 203
       2	   2	 177	 141	  51	  44	 135	 168	 118	 116	 126	 145	  82	 167	 175	 102	 223	  58	   9	 197	 213	 198
       2	   2	 179	 147	  55	  45	 129	 171	 117	 117	 124	 170	 105	 159	 176	 134	 233	  61	  15	 222	 202	 214
       2	   2	 179	 145	  51	  47	 141	 153	 238	  72	 126	 169	  98	 157	 188	  85	 221	  63	  17	 218	 187	 205
       2	   2	 180	 150	  53	  43	 131	 159	 179	 117	 115	  96	  74	 167	 169	 118	 225	  58	  16	 218	 189	 211
       2	   2	 181	 151	  55	  43	 128	 163	 144	 116	 117	 132	 104	 170	 130	 122	 230	  62	  13	 195	 197	 194
       2	   2	 178	 145	  53	  47	 137	 156	 141	  71	 131	 137	  78	 164	 147	 143	 233	  58	   9	 207	 195	 204
       2	   2	 176	 140	  50	  42	 137	 158	 147	  89	 121	 141	  85	 166	 139	 124	 228	  60	  13	 221	 198	 221
       2	   2	 177	 138	  50	  46	 142	 159	 142	 142	 115	 132	  99	 167	 180	 112	 229	  57	   7	 217	 200	 216
       2	   2	 178	 141	  54	  49	 141	 158	 141	  72	 133	 154	  87	 166	 194	 114	 224	  59	  16	 226	 191	 213
       2	   2	 180	 148	  51	  41	 133	 166	 112	 149	 120	 126	  83	 159	 154	 131	 220	  62	  17	 206	 194	 222
       2	   2	 181	 150	  52	  43	 136	 159	 169	 131	 117	 144	  79	 158	 149	  94	 216	  65	  18	 202	 189	 199
       2	   2	 181	 150	  53	  40	 132	 163	 144	 118	 118	 139	 100	 162	 190	 115	 226	  61	  15	 210	 209	 204
       2	   2	 179	 147	  53	  42	 127	 162	 144	 120	 127	 145	  88	 155	 182	 129	 226	  63	  15	 198	 210	 193
       2	   2	 179	 143	  53	  44	 136	 160	  80	  64	 134	 112	  79	 161	 200	 128	 219	  60	  15	 200	 210	 203
       2	   2	 181	 143	  52	  42	 132	 171	  82	 142	 120	 147	 100	 163	 156	  89	 219	  62	  14	 201	 195	 205
       2	   2	 184	 149	  59	  52	 144	 159	 129	 142	 123	 116	  69	 165	 136	 127	 231	  60	  12	 206	 206	 211
       2	   2	 182	 147	  54	  49	 141	 158	 135	 129	 122	 120	  81	 171	 166	 121	 229	  58	  15	 205	 209	 214
       2	   2	 181	 149	  55	  48	 143	 152	 165	  51	 133	 142	  91	 159	 188	 127	 224	  62	  20	 223	 193	 208
       2	   2	 180	 148	  53	  42	 137	 164	 111	  71	 133	 141	  71	 169	 110	 139	 229	  64	  15	 189	 202	 202
       2	   2	 180	 148	  54	  43	 131	 162	 142	 117	 118	 142	  96	 167	 194	 123	 226	  59	  12	 205	 202	 220
       2	   2	 179	 146	  54	  42	 132	 163	  81	  64	 133	 130	  81	 163	 180	 103	 225	  57	   8	 211	 204	 208
       2	   2	 180	 145	  55	  43	 134	 162	 142	 120	 120	 143	  93	 160	 198	 145	 225	  60	  19	 222	 185	 234
       2	   2	 185	 151	  61	  52	 137	 162	  98	 108	 125	 124	  86	 159	 168	 128	 224	  61	  18	 204	 201	 217
       2	   2	 179	 146	  53	  45	 135	 157	 156	 109	 122	 129	  88	 169	 159	 104	 225	  59	  14	 208	 206	 209
       2	   2	 179	 147	  54	  43	 133	 157	 157	  94	 125	 137	  91	 163	 175	 134	 229	  59	  17	 221	 195	 200
       2	   2	 178	 145	  52	  42	 133	 162	 145	  81	 131	 152	  79	 168	 125	 150	 234	  61	  16	 201	 206	 203
       2	   2	 177	 144	  52	  41	 131	 164	 130	 100	 123	 155	  97	 162	 182	 129	 226	  59	  14	 209	 199	 213
       2	   2	 178	 145	  53	  41	 128	 165	 118	  83	 127	 129	  88	 165	 183	 100	 226	  59	  12	 217	 206	 212
       2	   2	 178	 146	  55	  40	 129	 166	 116	  87	 123	 144	  84	 162	 174	 132	 225	  59	  16	 214	 197	 213
       2	   2	 181	 148	  58	  46	 128	 166	 112	 107	 126	 127	  87	 161	 181	 125	 226	  60	  16	 213	 201	 210
       3	   3	  32	 143	  62	  44	 178	 158	 113	  70	 110	 158	  72	 184	 126	 126	 227	  63	  15	 200	 218	 206
       3	   3	  44	 128	  62	  51	 169	 159	 151	 138	  86	 121	  85	 160	 168	 129	 230	  62	  16	 219	 213	 219
       3	   3	  45	 128	  64	  51	 173	 154	 175	 126	 101	 165	  92	 165	 160	 133	 232	  65	  15	 229	 193	 218
       3	   3	  40	 137	  64	  52	 163	 146	 137	 125	  93	 120	  73	 172	 136	 135	 231	  65	  14	 198	 213	 210
       3	   3	  33	 149	  57	  58	 140	 154	  85	  88	 120	 127	  92	 147	 162	 171	 240	  61	  13	 220	 200	 211
       3	   3	  27	 155	  57	  57	 177	 144	 162	 132	  96	 127	  77	 159	 173	 111	 227	  60	  13	 213	 196	 219
       3	   3	  34	 142	  58	  51	 193	 144	 163	  72	  82	 147	  75	 173	 126	 140	 228	  59	  15	 214	 203	 216
       3	   3	  43	 128	  61	  56	 217	 161	 143	 105	 112	 115	  60	 165	 190	 148	 232	  67	  10	 213	 217	 217
       3	   3	  35	 142	  58	  54	 181	 144	 129	 116	  60	 125	  97	 146	 110	 117	 232	  58	  12	 225	 209	 224
       3	   3	  34	 139	  59	  50	 202	 155	 168	 126	  91	 168	  96	 182	 177	 122	 235	  61	   9	 220	 200	 222
       3	   3	  38	 134	  63	  50	 192	 148	 132	  97	  72	 131	  67	 159	 109	  93	 220	  60	  11	 214	 209	 229
       3	   3	  41	 131	  61	  57	 200	 167	 117	 118	 110	 119	  89	 168	 160	 119	 232	  68	   9	 216	 208	 214
       3	   3	  34	 140	  59	  53	 188	 156	 142	 122	 100	 134	  79	 175	 166	 132	 243	  60	  11	 219	 209	 204
       3	   3	  50	 121	  59	  57	 186	 163	 150	  93	 113	 162	  91	 159	 162	 140	 232	  64	  14	 233	 192	 218
       3	   3	  45	 128	  57	  49	 164	 147	 140	  91	  87	 154	  77	 169	 119	 129	 231	  58	  13	 221	 191	 203
       3	   3	  47	 123	  55	  53	 179	 166	  90	  88	 116	 144	  78	 166	 159	 131	 224	  65	  13	 225	 192	 219
       3	   3	  44	 127	  58	  47	 155	 161	 121	 133	  89	 152	  92	 163	 185	  83	 225	  59	  13	 225	 203	 224
       3	   3	  48	 124	  63	  41	 148	 176	  71	 151	 106	 151	  98	 184	 196	 110	 231	  62	  15	 215	 204	 216
       3	   3	  47	 129	  63	  53	 149	 162	 123	 113	 111	 120	  81	 158	 147	  85	 219	  64	  15	 211	 208	 193
       3	   3	  35	 137	  56	  41	 177	 167	  86	 131	  84	 148	  90	 165	 129	 143	 228	  58	  14	 216	 221	 212
       3	   3	  28	 145	  52	  45	 200	 175	  57	 117	 118	 147	  73	 171	 149	  98	 224	  68	  10	 207	 229	 194
       3	   3	  22	 155	  52	  41	 178	 141	 128	 139	  49	 147	  94	 177	 180	 118	 228	  59	  17	 215	 220	 210
       3	   3	  35	 138	  51	  51	 208	 164	 112	 120	  99	 138	  73	 174	 177	 120	 224	  70	  14	 220	 216	 217
       3	   3	  38	 133	  58	  48	 198	 159	 139	 123	  87	 160	  78	 166	 144	 136	 228	  63	  16	 232	 210	 212
       3	   3	  35	 138	  55	  47	 187	 160	 110	 115	  85	 164	  88	 160	 145	 140	 227	  65	  15	 211	 223	 216
       3	   3	  32	 142	  56	  43	 187	 164	 116	 116	  99	 150	  77	 182	 129	 116	 222	  66	  18	 215	 214	 211
       3	   3	  56	 116	  63	  63	 189	 172	 123	  98	 140	 142	  85	 146	 168	 155	 234	  67	  11	 219	 210	 214
       3	   3	  39	 140	  66	  48	 136	 139	 105	  87	  86	 124	  88	 162	 146	 111	 226	  55	  14	 204	 179	 216
       3	   3	  36	 141	  61	  57	 188	 157	 174	  84	 134	 153	  66	 156	 140	 124	 226	  64	  15	 217	 211	 205
       3	   3	  29	 149	  59	  49	 153	 136	 129	  64	  76	 154	  84	 156	 124	 137	 228	  58	  17	 209	 197	 206
       3	   3	  50	 120	  71	  39	 166	 155	 116	  89	  92	 139	  66	 188	 155	 108	 228	  56	   8	 211	 200	 204
       3	   3	  66	 103	  69	  65	 190	 181	 168	 126	 157	 106	  70	 165	 179	 116	 231	  69	   9	 224	 203	 216
       3	   3	  33	 146	  59	  47	 158	 138	  97	 110	  55	 116	  97	 138	 111	 147	 228	  60	  12	 206	 200	 216
       3	   3	  27	 148	  55	  40	 215	 154	 163	 155	  82	 152	  72	 208	 175	  78	 226	  66	  12	 224	 207	 215
       3	   3	  28	 148	  47	  56	 202	 159	  72	  85	  86	 144	  92	 140	 177	 134	 223	  64	  16	 241	 206	 208
       3	   3	  23	 156	  51	  46	 201	 150	  93	 100	  81	 164	  80	 181	 130	 115	 224	  63	  16	 220	 208	 218
       3	   3	  30	 145	  55	  45	 202	 157	 101	 122	  81	 143	  73	 169	 119	  95	 221	  61	  14	 221	 210	 189
       3	   3	  35	 141	  52	  56	 207	 158	 102	  94	  93	 151	  90	 154	 173	 156	 225	  68	  17	 228	 202	 223
       3	   3	  33	 143	  55	  50	 203	 161	 106	  98	 103	 161	  76	 178	 143	 127	 234	  64	  10	 209	 215	 227
       3	   3	  57	 113	  69	  41	 155	 179	 102	 145	 134	 172	  82	 198	 130	 125	 236	  62	  11	 217	 191	 209
       3	   3	  47	 129	  53	  61	 156	 164	 120	 137	 105	 129	  92	 123	 171	 106	 218	  60	  11	 234	 203	 220
       3	   3	  22	 159	  48	  46	 169	 154	  41	 109	  82	 137	  88	 167	 142	 131	 231	  59	  10	 216	 208	 222
       3	   3	  23	 152	  53	  47	 207	 157	  98	 125	  86	 158	  80	 175	 136	 142	 235	  62	   9	 217	 212	 206
       3	   3	  33	 139	  58	  47	 178	 151	 102	  94	  78	 152	  59	 153	 103	 133	 224	  58	  13	 218	 203	 205
       3	   3	  47	 123	  68	  44	 180	 169	 123	  96	 129	 152	  75	 192	 161	 110	 226	  69	  16	 206	 216	 196
       3	   3	  34	 140	  57	  49	 168	 173	  62	 128	 109	 118	  96	 139	 180	  98	 220	  65	  13	 226	 224	 218
       3	   3	   9	 172	  43	  46	 193	 152	  99	 118	  86	 156	  84	 163	 198	  91	 220	  64	  13	 207	 228	 214
       3	   3	   7	 176	  39	  50	 209	 150	  91	  97	  84	 174	  93	 167	 158	 125	 226	  67	  14	 216	 217	 217
       3	   3	  20	 159	  52	  46	 200	 148	 124	 128	  76	 166	  85	 179	 183	 121	 224	  66	  16	 211	 208	 214
       3	   3	  36	 140	  56	  55	 190	 163	 145	 128	 119	 154	  82	 170	 200	 109	 228	  65	  14	 221	 213	 208
       3	   3	  27	 153	  50	  59	 180	 149	 132	 121	  85	 145	  96	 147	 175	 120	 225	  60	  11	 207	 218	 222
       3	   3	  23	 155	  56	  47	 203	 155	 132	 129	  95	 148	  75	 197	 165	 111	 235	  62	  14	 224	 218	 215
       3	   3	  58	 113	  76	  52	 164	 164	 152	 125	 125	 145	  89	 173	 161	 128	 228	  60	   8	 214	 189	 229
       3	   3	  55	 116	  71	  51	 170	 164	  88	  65	 119	 148	  84	 166	 144	 100	 223	  61	  10	 205	 206	 208
       3	   3	  39	 137	  56	  58	 171	 155	 140	 115	  90	 170	 112	 144	 201	 108	 222	  60	  13	 208	 213	 211
       3	   3	  34	 142	  62	  46	 174	 149	 136	 123	  91	 138	  81	 186	 160	  90	 223	  64	  19	 216	 205	 210
       3	   3	  43	 129	  59	  53	 194	 159	 145	  93	 100	 141	  73	 167	 170	 104	 228	  61	  12	 223	 208	 202
       3	   3	  44	 128	  62	  50	 160	 152	 144	 113	  91	 144	  87	 175	 146	 107	 227	  60	  12	 200	 201	 224
       3	   3	  43	 127	  62	  49	 194	 173	  93	  92	 137	 142	  83	 167	 201	 128	 226	  66	  14	 224	 215	 226
       3	   3	  27	 149	  53	  49	 175	 149	 138	 110	  73	 124	  85	 154	 108	 122	 228	  55	  14	 227	 214	 226
       3	   3	  29	 148	  55	  47	 181	 155	 139	 129	 107	 159	  75	 197	 155	 103	 234	  65	  16	 218	 209	 219
       3	   3	  32	 145	  51	  58	 191	 159	 105	 149	  94	 132	  81	 155	 167	 142	 231	  63	  13	 212	 222	 212
       3	   3	  25	 155	  55	  46	 175	 150	 135	 126	 101	 156	  83	 189	 165	 101	 230	  66	  15	 215	 204	 232
       3	   3	  24	 157	  45	  56	 184	 159	 107	  98	 112	 152	  81	 146	 120	 106	 223	  66	  13	 221	 220	 223
       3	   3	  32	 146	  64	  34	 155	 147	 105	 145	  80	 146	  89	 207	 165	 101	 218	  60	  15	 187	 203	 223
       3	   3	  36	 144	  58	  49	 159	 146	 200	 126	  95	 189	 101	 172	 157	  76	 225	  62	   9	 210	 197	 208
       3	   3	  28	 147	  51	  50	 178	 155	 105	 111	  79	 174	 103	 152	 139	 111	 227	  59	  10	 227	 203	 212
       3	   3	  34	 138	  62	  42	 197	 153	 137	  96	  92	 162	  83	 187	 187	 101	 225	  65	  12	 219	 206	 200
       3	   3	  38	 135	  52	  59	 184	 164	 114	 112	  96	 141	  88	 141	 148	  94	 219	  63	   8	 222	 218	 218
       3	   3	  37	 138	  63	  42	 170	 144	 132	 114	  61	 158	  89	 179	 179	 103	 221	  53	  15	 225	 204	 223
       3	   3	  58	 113	  68	  58	 196	 169	 148	 102	 124	 171	  92	 176	 158	 119	 232	  68	  10	 213	 217	 225
       3	   3	  54	 119	  70	  49	 159	 159	 118	 113	 100	 136	  94	 167	 134	 111	 230	  61	   9	 201	 212	 204
       3	   3	  36	 141	  57	  59	 171	 148	 170	  94	 102	 143	  98	 126	 146	 129	 220	  63	  13	 210	 218	 225
       3	   3	  27	 152	  53	  49	 185	 152	 100	 124	  96	 150	  91	 178	 182	 115	 231	  67	  14	 213	 207	 204
       3	   3	  26	 154	  51	  48	 179	 148	 100	 137	  67	 123	  93	 156	 153	 130	 233	  62	  15	 215	 215	 199
       3	   3	  26	 152	  55	  46	 209	 158	 133	 101	 105	 187	 101	 171	 176	 140	 238	  62	   9	 228	 217	 210
       3	   3	  25	 154	  54	  53	 191	 142	 124	  97	  79	 128	  79	 160	 146	  80	 218	  62	  10	 202	 215	 212
       3	   3	  38	 140	  64	  44	 169	 134	 161	  44	  85	 153	  78	 170	 169	 135	 220	  60	  16	 196	 213	 182
       4	   4	  94	 105	  66	  59	 156	 192	 109	 147	 132	 106	  79	 181	 178	 165	 225	  46	  21	 228	 220	 203
       4	   4	  93	 102	  67	  64	 159	 193	 141	 118	 134	 152	 102	 177	 167	 131	 220	  44	  17	 228	 204	 214
       4	   4	  92	 103	  69	  60	 161	 191	 138	  96	 133	 162	  94	 177	 125	 114	 219	  45	  17	 215	 222	 194
       4	   4	  93	 104	  69	  62	 161	 186	 200	 119	 122	 154	 110	 179	 180	  92	 216	  48	  20	 230	 222	 198
       4	   4	  91	 104	  69	  63	 165	 186	 133	  98	 131	 146	  92	 176	 162	 139	 220	  50	  21	 214	 217	 198
       4	   4	  92	 104	  70	  64	 171	 181	 192	 108	 133	 146	  79	 182	 141	 125	 221	  49	  20	 218	 225	 193
       4	   4	  96	 106	  69	  64	 166	 176	 155	  54	 130	 160	  97	 181	 165	  89	 214	  49	  20	 240	 221	 190
       4	   4	  97	 106	  68	  58	 152	 178	 127	 130	 124	 129	  95	 183	 177	 123	 217	  49	  22	 235	 210	 191
       4	   4	  96	 105	  70	  56	 145	 172	 154	 164	 122	 155	  94	 174	 185	 148	 224	  45	  18	 219	 221	 204
       4	   4	  97	 103	  69	  61	 156	 175	 156	  84	 136	 175	 100	 175	 151	  67	 215	  52	  15	 219	 232	 186
       4	   4	  98	 102	  70	  65	 150	 175	 158	 108	 132	 137	  91	 178	 151	  95	 212	  53	  22	 208	 221	 201
       4	   4	  99	 101	  69	  67	 146	 180	 161	 130	 130	 142	 101	 177	 152	 140	 224	  52	  23	 210	 220	 194
       4	   4	  93	 103	  65	  58	 153	 195	 113	 132	 118	 113	  91	 172	 183	  89	 209	  47	  16	 210	 219	 206
       4	   4	  92	 103	  67	  57	 152	 190	 142	  83	 126	 163	 112	 179	 164	 132	 221	  49	  17	 222	 217	 203
       4	   4	  94	 102	  65	  60	 142	 192	 145	 116	 131	 152	  92	 176	 136	 132	 227	  46	  16	 233	 210	 202
       4	   4	  96	 101	  65	  62	 151	 190	 170	 173	 117	 138	  96	 180	 155	  99	 213	  49	  16	 204	 230	 202
       4	   4	  97	 101	  65	  61	 148	 191	 139	 144	 125	 151	 102	 176	 172	 103	 212	  50	  21	 211	 227	 192
       4	   4	  97	 101	  66	  61	 146	 190	 107	 123	 137	 128	  79	 175	 127	 116	 217	  48	  17	 213	 221	 195
       4	   4	 100	 102	  64	  62	 145	 187	 165	 128	 126	 172	  86	 181	 104	 112	 221	  50	  21	 223	 225	 202
       4	   4	 106	 102	  64	  61	 144	 180	 126	 104	 126	 158	  88	 182	 159	 117	 219	  53	  22	 222	 221	 190
       4	   4	 109	 103	  64	  68	 145	 167	 146	  91	 130	 138	  83	 175	 160	  85	 220	  56	  17	 217	 217	 194
       4	   4	 103	 101	  63	  60	 150	 181	 126	 111	 134	 178	  91	 182	 141	  98	 220	  49	  17	 219	 223	 201
       4	   4	  98	 101	  66	  60	 147	 182	 196	 155	 123	 165	 100	 177	 169	  92	 213	  49	  18	 220	 226	 192
       4	   4	  98	 101	  67	  59	 145	 187	 136	 122	 125	 149	  88	 187	 152	  68	 215	  52	  19	 217	 226	 208
       4	   4	  98	 105	  66	  64	 167	 183	 192	 129	 119	 141	  89	 176	 183	  82	 211	  48	  14	 209	 224	 202
       4	   4	 100	 104	  65	  60	 149	 190	 106	  92	 129	 146	  88	 174	 172	 128	 226	  46	  15	 212	 228	 186
       4	   4	 104	 105	  64	  63	 140	 179	 162	  98	 121	 148	  99	 176	 149	  96	 217	  51	  16	 212	 213	 200
       4	   4	 103	 102	  64	  62	 146	 180	 160	 108	 133	 175	  92	 176	 139	 122	 223	  48	  16	 224	 210	 190
       4	   4	 100	 100	  67	  61	 148	 179	 164	 102	 133	 139	  85	 177	 190	  70	 213	  50	  17	 232	 214	 211
       4	   4	  99	 102	  68	  64	 156	 176	 188	 135	 126	 151	  98	 174	 156	 146	 225	  52	  15	 207	 222	 213
       4	   4	  99	 105	  65	  62	 154	 182	 127	 126	 117	 146	 101	 172	 203	 104	 215	  51	  16	 210	 227	 202
       4	   4	 104	 104	  64	  63	 151	 177	 156	 132	 119	 126	  80	 184	 158	  87	 215	  53	  16	 215	 221	 185
       4	   4	 108	 102	  65	  63	 143	 176	 126	  79	 136	 141	  86	 185	 146	 105	 220	  54	  17	 216	 221	 207
       4	   4	 104	 101	  66	  63	 146	 170	 186	  88	 131	 157	  77	 178	 106	  81	 218	  51	  18	 220	 213	 185
       4	   4	  98	  99	  66	  60	 147	 183	 161	 134	 132	 190	  93	 174	 150	  97	 222	  46	  17	 224	 205	 207
       4	   4	  95	  99	  68	  59	 153	 182	 166	 125	 124	 135	  80	 178	 128	  91	 215	  50	  19	 209	 215	 193
       4	   4	  95	 102	  65	  57	 151	 197	 112	  85	 127	 173	  98	 173	 158	 159	 225	  47	  19	 223	 226	 195
       4	   4	  99	 104	  62	  58	 143	 195	 142	 134	 111	 162	 110	 172	 171	 121	 225	  45	  12	 222	 234	 193
       4	   4	 101	 103	  65	  61	 146	 183	 132	  73	 127	 156	  84	 177	 137	 128	 219	  50	  21	 215	 222	 201
       4	   4	 100	  99	  65	  61	 145	 185	 166	 155	 123	 139	  75	 177	 136	  96	 219	  52	  14	 217	 222	 209
       4	   4	 101	 100	  65	  61	 137	 185	 136	 123	 130	 158	  96	 174	 147	 116	 223	  53	  18	 226	 214	 198
       4	   4	 103	 101	  63	  66	 148	 181	 163	 103	 126	 144	  79	 179	 137	 101	 214	  53	  23	 214	 220	 194
       4	   4	 103	 101	  61	  66	 147	 185	 161	 107	 130	 179	  85	 174	  97	 104	 218	  56	  23	 205	 226	 194
       4	   4	 101	 100	  63	  63	 147	 186	 100	 125	 124	 150	  88	 180	 149	 130	 222	  51	  21	 216	 223	 191
       4	   4	 102	  98	  65	  68	 152	 174	 219	 110	 126	 193	 106	 182	 175	 132	 224	  48	  17	 209	 223	 190
       4	   4	 101	  97	  64	  62	 151	 183	 131	 101	 123	 170	  89	 177	 121	 155	 229	  50	  20	 218	 235	 194
       4	   4	 100	  98	  65	  65	 154	 175	 224	 132	 120	 155	  90	 190	 165	 133	 229	  45	  15	 232	 224	 202
       4	   4	  98	  99	  66	  64	 155	 182	 165	 127	 128	 135	  82	 181	 170	 135	 223	  49	  24	 230	 218	 192
       4	   4	  99	 103	  66	  62	 150	 189	 173	 113	 119	 118	  93	 180	 165	 127	 224	  48	  17	 211	 231	 187
       4	   4	 100	 103	  66	  59	 144	 189	 139	 117	 125	 139	  95	 178	 169	 140	 224	  46	  18	 222	 210	 209
       4	   4	  98	 100	  67	  62	 156	 189	 168	 121	 128	 157	 105	 183	 190	 122	 217	  49	  23	 210	 222	 207
       4	   4	  97	 100	  66	  61	 152	 193	 110	 114	 130	 133	  94	 180	 170	 120	 223	  48	  21	 232	 214	 209
       4	   4	 102	 104	  64	  62	 152	 186	 198	 132	 128	 143	  75	 180	 120	 111	 216	  50	  21	 222	 206	 206
       4	   4	 108	 108	  62	  62	 144	 179	 192	 104	 117	 141	  89	 178	 124	 121	 219	  54	  21	 201	 235	 177
       4	   4	 105	 107	  61	  56	 144	 186	 130	 127	 125	 160	 106	 177	 176	 120	 218	  55	  22	 206	 222	 184
       4	   4	 103	 105	  62	  55	 142	 190	 105	 145	 122	 131	 101	 192	 138	 126	 221	  53	  22	 221	 209	 204
       4	   4	 104	 102	  62	  57	 149	 188	 165	 150	 117	 161	 100	 187	 142	 109	 221	  48	  19	 225	 228	 212
       4	   4	 103	  99	  62	  60	 148	 187	 101	 121	 126	 144	  91	 182	 170	 157	 226	  48	  18	 215	 223	 191
       4	   4	  99	  97	  64	  57	 140	 194	  78	 115	 135	 165	 102	 179	 162	 119	 219	  50	  14	 211	 213	 202
       4	   4	 100	  98	  66	  61	 141	 188	 172	 143	 122	 150	 103	 182	 172	 148	 226	  47	  20	 236	 219	 191
       4	   4	  98	 100	  66	  58	 134	 199	 121	 126	 123	 122	  96	 175	 190	 100	 207	  47	  20	 205	 201	 207
       4	   4	  95	  98	  71	  60	 148	 193	 149	  84	 141	 130	  94	 180	 198	 140	 213	  48	  25	 212	 206	 196
       4	   4	  94	  96	  70	  56	 143	 199	 155	 134	 137	 115	  74	 181	 154	 111	 209	  42	  20	 210	 209	 192
       4	   4	  99	  96	  67	  60	 141	 198	 115	 112	 138	 137	  83	 178	 117	 114	 211	  48	  19	 197	 219	 206
       4	   4	 104	 101	  67	  57	 141	 195	 109	  91	 135	 156	  96	 175	 145	 121	 218	  47	  15	 214	 212	 207
       4	   4	 112	 108	  63	  60	 135	 191	 104	 113	 112	 115	 102	 169	 166	 130	 217	  49	  19	 212	 212	 195
       4	   4	 115	 110	  64	  58	 140	 185	 128	 100	 116	 139	  90	 169	 163	 144	 222	  48	  20	 214	 213	 214
       4	   4	 116	 108	  64	  62	 146	 180	 157	  79	 124	 142	  94	 173	 153	 111	 222	  50	  14	 217	 209	 206
       4	   4	 118	 106	  64	  65	 148	 172	 180	  93	 121	 143	  80	 165	 155	 132	 219	  51	  20	 210	 211	 205
       4	   4	 115	 101	  63	  64	 154	 175	 185	 135	 118	 121	  95	 185	 177	 136	 224	  46	  15	 214	 221	 205
       4	   4	 107	  97	  66	  60	 150	 182	 132	  75	 141	 154	  86	 180	 137	 148	 223	  47	  18	 208	 212	 207
       4	   4	 104	  96	  68	  64	 160	 182	 198	  76	 138	 141	  84	 181	 159	  90	 210	  46	  21	 227	 214	 200



