1	   2	 197	 114	 186	 225	 240	 122	 185	 175	 149	 209	 120	 151	 235
       1	   2	 192	 108	 184	 221	 238	 125	 190	 173	 148	 208	 120	 151	 238
       1	   2	 197	 105	 177	 224	 247	 115	 198	 172	 148	 221	  95	 164	 232
       1	   2	 194	 104	 175	 225	 248	 113	 202	 169	 151	 222	  77	 172	 223
       1	   2	 192	 106	 175	 228	 249	 113	 203	 170	 156	 223	  79	 175	 224
       1	   2	 187	 111	 172	 235	 249	 113	 203	 170	 160	 218	 102	 163	 243
       1	   2	 184	 112	 170	 238	 250	 110	 205	 165	 165	 216	  99	 163	 236
       1	   2	 182	 113	 172	 237	 248	 112	 202	 167	 164	 219	 101	 165	 248
       1	   2	 167	 120	 160	 246	 243	  91	 204	 131	 174	 225	  85	 165	 223
       1	   2	 140	 148	 129	 226	 228	 111	 139	 122	 206	 151	 148	 158	 162
       1	   2	 197	 114	 199	 214	 224	 135	 173	 182	 136	 194	 148	 119	 202
       1	   2	 202	 116	 191	 223	 231	 127	 178	 182	 141	 204	 127	 139	 208
       1	   2	 201	 112	 189	 221	 233	 126	 183	 183	 140	 204	 124	 139	 208
       1	   2	 197	 105	 192	 212	 235	 129	 190	 179	 143	 209	 120	 136	 205
       1	   2	 197	 100	 183	 214	 240	 124	 200	 176	 151	 220	 100	 150	 204
       1	   2	 195	 103	 176	 223	 249	 115	 204	 170	 154	 226	  96	 164	 235
       1	   2	 192	 107	 175	 228	 247	 113	 202	 168	 156	 226	  95	 168	 239
       1	   2	 185	 111	 176	 232	 246	 113	 203	 166	 160	 222	 102	 161	 246
       1	   2	 177	 113	 165	 240	 244	  91	 207	 133	 167	 235	  76	 169	 217
       1	   2	 135	 134	 138	 236	 232	 110	 168	 118	 210	 165	 137	 168	 164
       1	   2	 194	 118	 203	 214	 218	 138	 164	 184	 128	 185	 162	 105	 204
       1	   2	 202	 127	 189	 231	 225	 128	 164	 188	 140	 179	 162	 119	 195
       1	   2	 200	 126	 179	 238	 240	 116	 173	 181	 149	 192	 140	 150	 225
       1	   2	 192	 117	 179	 235	 245	 116	 191	 175	 156	 212	 115	 161	 242
       1	   2	 188	 102	 175	 223	 247	 111	 208	 157	 157	 229	  88	 163	 226
       1	   2	 179	 101	 177	 218	 239	 110	 209	 145	 157	 235	  74	 168	 219
       1	   2	 185	 102	 176	 222	 247	 116	 211	 163	 162	 230	  79	 171	 228
       1	   2	 183	 107	 172	 231	 248	 108	 210	 153	 166	 229	  86	 168	 226
       1	   2	 168	 118	 166	 240	 240	  98	 206	 128	 176	 221	  89	 155	 203
       1	   2	 145	 140	 140	 236	 230	 107	 159	 121	 209	 166	 142	 164	 162
       1	   2	 198	 113	 204	 208	 219	 138	 164	 181	 130	 189	 174	 115	 186
       1	   2	 198	 122	 201	 218	 217	 137	 159	 184	 130	 177	 185	 107	 188
       1	   2	 202	 121	 195	 223	 225	 131	 167	 184	 136	 190	 145	 121	 200
       1	   2	 198	 110	 191	 218	 234	 127	 185	 181	 141	 205	 121	 139	 209
       1	   2	 201	 105	 179	 221	 246	 117	 196	 172	 150	 219	 100	 162	 226
       1	   2	 191	  97	 172	 217	 246	 114	 208	 163	 157	 228	  62	 183	 200
       1	   2	 197	  86	 163	 208	 245	 105	 213	 147	 161	 238	  51	 190	 165
       1	   2	 176	 102	 174	 222	 241	 109	 213	 146	 160	 233	  56	 179	 210
       1	   2	 174	 108	 170	 233	 244	  95	 215	 132	 165	 239	  47	 178	 203
       1	   2	 148	 130	 146	 241	 234	 103	 180	 119	 202	 180	 125	 162	 166
       1	   2	 202	  95	 187	 201	 237	 129	 194	 176	 142	 213	 107	 137	 185
       1	   2	 197	 102	 192	 208	 234	 131	 189	 180	 140	 210	 121	 133	 202
       1	   2	 195	 105	 192	 212	 234	 131	 189	 180	 144	 210	 123	 134	 205
       1	   2	 192	 110	 193	 216	 231	 133	 186	 182	 144	 203	 136	 127	 212
       1	   2	 199	 105	 184	 218	 238	 122	 192	 177	 148	 219	  97	 154	 203
       1	   2	 197	 104	 178	 221	 246	 116	 199	 170	 154	 225	  96	 166	 228
       1	   2	 191	 101	 174	 223	 249	 113	 209	 168	 157	 227	  75	 174	 224
       1	   2	 185	 105	 170	 231	 250	 108	 212	 163	 160	 228	  56	 182	 219
       1	   2	 170	 107	 165	 236	 244	  91	 218	 128	 166	 240	  42	 180	 202
       1	   2	 126	 126	 136	 238	 236	 107	 184	 111	 211	 181	  86	 171	 180
       1	   2	 200	  97	 177	 216	 242	 120	 200	 178	 143	 218	  92	 151	 204
       1	   2	 199	 103	 177	 221	 247	 114	 197	 172	 145	 222	  93	 162	 228
       1	   2	 193	 105	 186	 217	 232	 127	 189	 179	 138	 208	 116	 141	 217
       1	   2	 203	 108	 186	 220	 237	 126	 186	 183	 137	 199	 119	 132	 196
       1	   2	 197	 107	 173	 228	 243	 113	 192	 173	 145	 214	  95	 170	 233
       1	   2	 194	 112	 169	 237	 250	 107	 198	 171	 154	 217	  77	 179	 225
       1	   2	 187	 109	 168	 236	 252	 108	 207	 168	 161	 221	  59	 186	 220
       1	   2	 181	 108	 168	 235	 250	 103	 212	 154	 163	 229	  54	 183	 214
       1	   2	 173	 110	 163	 241	 247	  90	 214	 133	 167	 234	  56	 176	 209
       1	   2	 161	 114	 154	 245	 241	  83	 207	 117	 167	 219	  44	 175	 175
2	   4	 205	  10	 147	  19	 167	 113	  74	  89	 192	 164	 135	 170	 156
       2	   4	 220	   4	 114	  37	 153	 147	  82	  85	 180	 153	 144	 146	 150
       2	   4	 211	   4	  94	  58	 135	 148	  73	  99	 174	 145	 144	 159	 173
       2	   4	 173	  15	 154	  22	 157	 104	  61	 110	 205	 153	 124	 201	 137
       2	   4	 160	  20	 174	  15	 163	  86	  55	 123	 208	 163	 114	 211	 121
       2	   4	 199	  11	 145	  20	 164	 112	  73	 102	 202	 169	 134	 176	 144
       2	   4	 209	   4	  88	  63	 133	 165	  83	  98	 182	 149	 151	 148	 160
       2	   4	 221	   4	 106	  45	 150	 141	  80	  94	 182	 158	 140	 151	 156
       2	   4	 221	   2	  88	  60	 137	 148	  75	 101	 172	 151	 144	 151	 163
       2	   4	 208	   9	 137	  26	 162	 114	  74	 101	 192	 169	 134	 173	 148
       2	   4	 187	  16	 168	  11	 170	  90	  62	 110	 197	 172	 123	 190	 129
       2	   4	 163	  21	 181	   9	 168	  80	  55	 123	 207	 172	 117	 205	 121
       2	   4	 159	  22	 185	  10	 172	  77	  58	 128	 213	 180	 116	 207	 110
       2	   4	 199	  11	 143	  21	 166	 123	  83	  88	 207	 169	 144	 166	 155
       2	   4	 222	   4	 115	  35	 152	 143	  77	  87	 174	 150	 140	 149	 151
       2	   4	 213	   7	 130	  26	 155	 124	  66	  90	 177	 148	 134	 165	 159
       2	   4	 210	   7	 130	  28	 154	 118	  64	 103	 180	 154	 129	 172	 151
       2	   4	 209	  10	 144	  22	 162	 105	  65	 104	 182	 165	 127	 180	 151
       2	   4	 196	  15	 167	  10	 175	  92	  69	 107	 196	 181	 126	 180	 136
       2	   4	 183	  17	 169	  11	 173	  92	  68	 110	 208	 179	 126	 189	 129
       2	   4	 196	  12	 149	  20	 168	 112	  80	 101	 211	 177	 136	 173	 142
       2	   4	 213	   8	 134	  24	 161	 123	  73	  89	 183	 158	 138	 161	 157
       2	   4	 181	  18	 169	  13	 165	  85	  54	 115	 190	 166	 117	 204	 130
       2	   4	 188	  14	 158	  16	 164	  97	  61	 108	 196	 162	 121	 194	 137
       2	   4	 201	  10	 144	  21	 161	 109	  67	 103	 193	 164	 130	 181	 151
       2	   4	 179	  19	 179	   6	 173	  80	  59	 118	 200	 181	 120	 195	 127
       2	   4	 156	  24	 193	   6	 173	  66	  50	 136	 205	 183	 111	 211	 110
       2	   4	 181	  17	 174	   9	 173	  86	  64	 114	 205	 180	 124	 192	 130
       2	   4	 206	   9	 141	  22	 161	 109	  66	 103	 188	 163	 127	 180	 149
       2	   4	 189	  15	 154	  22	 158	 102	  58	 110	 181	 155	 121	 193	 141
       2	   4	 218	   6	 124	  30	 156	 127	  70	  90	 175	 152	 135	 160	 158
       2	   4	 205	  10	 143	  20	 163	 116	  70	  90	 190	 158	 136	 171	 157
       2	   4	 180	  18	 177	   8	 172	  81	  59	 116	 199	 178	 121	 197	 133
       2	   4	 186	  16	 167	  11	 171	  92	  65	 110	 203	 175	 125	 189	 131
       2	   4	 187	  16	 161	  18	 169	 105	  77	 104	 207	 176	 134	 180	 148
       2	   4	 212	   7	 132	  27	 157	 116	  66	 103	 180	 158	 127	 170	 148
       2	   4	 197	  12	 151	  18	 161	 101	  59	 105	 186	 156	 121	 187	 146
       2	   4	 175	  19	 169	  16	 161	  86	  50	 117	 186	 158	 114	 208	 137
       2	   4	 164	  22	 185	   8	 169	  70	  47	 130	 196	 172	 109	 213	 114
       2	   4	 183	  16	 166	  13	 166	  87	  55	 114	 194	 167	 117	 203	 130
       2	   4	 211	   4	 100	  51	 138	 155	  78	  92	 176	 143	 146	 153	 163
       2	   4	 216	   1	  68	  78	 126	 174	  80	 120	 178	 151	 147	 144	 148
       2	   4	 208	   9	 136	  26	 160	 113	  70	 102	 189	 164	 129	 174	 144
       2	   4	 192	  13	 152	  19	 160	 101	  59	 106	 189	 157	 122	 191	 141
       2	   4	 179	  16	 160	  17	 160	  95	  55	 112	 195	 156	 119	 202	 133
       2	   4	 177	  17	 164	  16	 162	  92	  56	 114	 199	 160	 118	 203	 129
       2	   4	 182	  16	 162	  15	 163	  92	  55	 114	 194	 162	 119	 200	 131
       2	   4	 188	  16	 169	  10	 170	  88	  60	 112	 196	 175	 125	 192	 137
       2	   4	 205	   8	 127	  32	 156	 125	  76	 101	 200	 164	 136	 171	 149
       2	   4	 226	   6	 121	  35	 160	 129	  78	  91	 174	 162	 136	 152	 153
       2	   4	 227	   6	 122	  34	 159	 126	  75	  90	 169	 158	 133	 153	 150
       2	   4	 219	   4	 105	  46	 144	 138	  70	  94	 172	 146	 138	 157	 161
       2	   4	 214	   4	 103	  47	 141	 141	  69	  95	 176	 145	 142	 159	 167
       2	   4	 199	  11	 139	  28	 154	 113	  65	 105	 184	 155	 128	 183	 157
       2	   4	 171	  22	 190	   3	 173	  65	  47	 129	 191	 181	 111	 208	 119
       2	   4	 174	  19	 178	   9	 171	  80	  57	 119	 202	 176	 118	 203	 122
       2	   4	 217	  11	 149	  18	 172	 113	  76	  90	 180	 170	 134	 157	 144
       2	   4	 221	  10	 142	  23	 168	 116	  74	  89	 172	 164	 132	 157	 145
       2	   4	 218	   6	 120	  34	 155	 132	  74	  90	 179	 154	 138	 156	 156
       2	   4	 215	   3	  99	  50	 139	 144	  71	  97	 176	 145	 143	 158	 166
       2	   4	 181	  16	 164	  14	 163	  89	  54	 114	 194	 162	 117	 202	 130
       2	   4	 153	  27	 203	   3	 172	  52	  37	 149	 189	 185	 103	 215	 105
       2	   4	 146	  28	 201	   9	 171	  60	  46	 147	 197	 184	 107	 213	 108
3	   6	 176	 239	  31	  41	 176	 110	 104	 148	 109	 180	 155	 168	 130
       3	   6	 182	 242	  36	  36	 159	  98	 117	 147	 111	 175	 164	 174	 123
       3	   6	 164	 208	 109	  42	  38	 110	 224	 161	 134	 172	 142	 190	  99
       3	   6	 183	 213	 127	  60	  20	 112	 184	 159	 134	 182	 114	 167	 102
       3	   6	 180	 216	 113	  49	  33	 105	 191	 160	 125	 179	 117	 161	 116
       3	   6	 161	 229	  25	  49	 197	 135	  90	 150	 103	 187	 150	 176	 120
       3	   6	 131	 207	  20	  77	 229	 177	  57	 141	  98	 211	 126	 167	 101
       3	   6	 191	 247	  35	  47	 170	  95	  87	 144	 114	 181	 138	 148	 143
       3	   6	 156	 225	  22	  64	 215	 147	  62	 148	 105	 202	 134	 171	 130
       3	   6	 112	 189	  27	  98	 236	 199	  50	 137	 104	 222	 114	 168	  91
       3	   6	 186	 245	  34	  46	 170	  99	  85	 144	 107	 178	 139	 146	 133
       3	   6	 197	 241	  71	  40	  98	  82	 139	 153	 119	 171	 133	 147	 139
       3	   6	 206	 249	  62	  52	 121	  81	  92	 148	 122	 168	 113	 122	 133
       3	   6	 183	 239	  50	  33	 133	  90	 149	 150	 118	 170	 166	 182	 136
       3	   6	 172	 236	  25	  51	 193	 119	  73	 140	 102	 186	 138	 147	 120
       3	   6	 185	 241	  44	  38	 148	  93	 123	 146	 116	 176	 145	 156	 144
       3	   6	 182	 215	 121	  53	  24	 107	 192	 160	 132	 181	 117	 167	 107
       3	   6	 200	 249	  53	  45	 133	  81	 108	 148	 124	 171	 137	 151	 143
       3	   6	 171	 236	  25	  52	 192	 120	  71	 140	 100	 185	 137	 146	 115
       3	   6	 178	 233	  60	  27	 112	  91	 175	 153	 116	 171	 166	 180	 131
       3	   6	 150	 222	  19	  65	 220	 155	  58	 145	 100	 200	 132	 165	 113
       3	   6	 120	 197	  25	  79	 226	 185	  75	 140	 103	 209	 134	 178	  91
       3	   6	 160	 229	  25	  44	 190	 125	 103	 141	 101	 189	 157	 170	 116
       3	   6	 161	 227	  33	  43	 179	 122	 121	 146	 112	 181	 160	 181	 136
       3	   6	 144	 217	  19	  68	 223	 162	  60	 144	 100	 205	 132	 168	 113
       3	   6	 166	 232	  26	  49	 191	 127	  91	 151	 107	 182	 158	 182	 123
       3	   6	 188	 241	  54	  32	 125	  85	 152	 152	 122	 172	 166	 181	 141
       3	   6	 190	 242	  55	  35	 122	  88	 133	 152	 111	 167	 150	 154	 120
       3	   6	 188	 237	  68	  34	 103	  84	 165	 153	 126	 173	 147	 167	 149
       3	   6	  81	 158	  52	 126	 221	 211	  73	 110	 131	 216	  97	 139	  70
       3	   6	 126	 202	  21	  88	 235	 185	  41	 137	 101	 214	 111	 157	  98
       3	   6	 178	 231	  68	  31	 103	  90	 184	 153	 130	 168	 167	 189	 136
       3	   6	 184	 227	  92	  36	  61	  90	 191	 158	 127	 174	 146	 181	 136
       3	   6	 162	 229	  27	  57	 200	 135	  83	 152	 113	 186	 152	 188	 128
       3	   6	 145	 217	  23	  62	 212	 154	  83	 146	 105	 193	 153	 186	 111
       3	   6	 172	 215	 102	  41	  47	 104	 209	 160	 135	 171	 140	 180	 100
       3	   6	 190	 224	 111	  51	  38	  96	 182	 161	 131	 177	 128	 169	 114
       3	   6	 187	 241	  53	  37	 130	  89	 132	 149	 116	 170	 143	 155	 140
       3	   6	 148	 218	  19	  76	 227	 160	  43	 144	 104	 210	 119	 165	 130
       3	   6	 117	 194	  26	  93	 234	 192	  52	 138	 105	 221	 119	 171	  98
       3	   6	 182	 232	  73	  28	  86	  88	 189	 157	 122	 168	 168	 189	 123
       3	   6	 186	 241	  51	  33	 132	  89	 146	 150	 124	 171	 166	 177	 125
       3	   6	 184	 243	  36	  37	 159	  97	 115	 147	 111	 176	 163	 174	 125
       3	   6	 183	 237	  59	  29	 115	  88	 168	 153	 122	 171	 168	 187	 139
       3	   6	 145	 217	  20	  72	 225	 162	  52	 146	 102	 209	 129	 171	 118
       3	   6	 159	 226	  35	  39	 173	 119	 135	 143	 111	 181	 171	 184	 120
       3	   6	 171	 235	  26	  57	 199	 127	  73	 150	 115	 187	 142	 175	 137
       3	   6	 162	 230	  26	  49	 193	 129	  89	 145	 102	 184	 152	 167	 114
       3	   6	 189	 237	  69	  31	  93	  83	 170	 157	 120	 170	 161	 180	 134
       3	   6	 193	 243	  60	  34	 114	  81	 150	 153	 122	 169	 161	 177	 138
       3	   6	 198	 240	  77	  41	  87	  83	 145	 154	 120	 169	 134	 148	 126
       3	   6	 146	 175	 159	  84	   6	 164	 185	 143	 136	 194	  79	 179	 120
       3	   6	 210	 248	  75	  58	 107	  79	 101	 148	 134	 171	 106	 120	 145
       3	   6	 144	 215	  20	  83	 232	 166	  33	 143	 105	 212	 113	 163	 126
       3	   6	 165	 232	  21	  62	 211	 133	  55	 140	 107	 195	 124	 150	 136
       3	   6	 180	 241	  30	  50	 182	 112	  76	 147	 108	 178	 137	 148	 128
       3	   6	 176	 235	  49	  27	 131	  95	 159	 152	 112	 170	 175	 188	 126
       3	   6	 135	 209	  22	  72	 223	 170	  69	 145	 101	 207	 138	 181	 108
       3	   6	 142	 215	  21	  63	 216	 160	  77	 145	 100	 200	 142	 179	 110
       3	   6	 182	 232	  71	  33	  98	  88	 181	 154	 132	 168	 163	 185	 135
       3	   6	 181	 221	 102	  41	  46	  97	 205	 162	 135	 174	 143	 181	 109
       3	   6	 185	 241	  49	  32	 134	  89	 145	 151	 119	 171	 167	 180	 134
       3	   6	 155	 224	  25	  57	 204	 142	  82	 146	 108	 187	 142	 168	 116
       3	   6	 203	 246	  68	  43	 106	  79	 133	 154	 128	 168	 150	 159	 126
       3	   6	 185	 238	  59	  30	 114	  86	 162	 153	 122	 169	 167	 182	 133
       3	   6	 165	 230	  28	  52	 195	 130	  88	 150	 110	 183	 147	 174	 125
       3	   6	 178	 239	  31	  48	 179	 108	  87	 142	 109	 182	 142	 150	 132
       3	   6	 191	 245	  41	  51	 164	  97	  91	 149	 127	 172	 142	 162	 144
       3	   6	 188	 241	  55	  30	 119	  86	 151	 154	 116	 169	 167	 178	 128
       3	   6	 182	 224	  97	  41	  60	  93	 198	 157	 140	 175	 147	 183	 134
       3	   6	 170	 234	  28	  54	 193	 125	  86	 153	 115	 183	 156	 185	 135
       3	   6	 176	 238	  30	  46	 181	 116	  94	 153	 113	 177	 157	 179	 131
4	   8	 176	 156	 216	 141	  41	 189	  43	 102	 140	 229	  52	 175	 174
       4	   8	 168	 152	 216	 138	  40	 195	  52	 101	 146	 229	  62	 197	 166
       4	   8	 183	 154	 221	 149	  53	 187	  35	 100	 144	 229	  72	 195	 149
       4	   8	 190	 156	 222	 154	  60	 182	  33	 104	 134	 221	 115	 216	 119
       4	   8	 176	 154	 218	 144	  44	 191	  39	 100	 143	 229	  65	 194	 156
       4	   8	 198	 164	 214	 159	  57	 173	  29	 108	 127	 210	  93	 202	 115
       4	   8	 186	 163	 214	 146	  43	 182	  40	 104	 139	 225	  53	 170	 165
       4	   8	 183	 163	 212	 143	  40	 184	  43	 103	 140	 225	  50	 171	 164
       4	   8	 197	 164	 213	 163	  59	 176	  38	 111	 142	 209	  95	 198	  84
       4	   8	 211	 164	 216	 174	  83	 163	  32	 112	 130	 203	 146	 227	  82
       4	   8	 188	 160	 217	 151	  51	 181	  36	 105	 133	 222	  91	 207	 137
       4	   8	 193	 164	 213	 153	  50	 176	  35	 107	 130	 214	  87	 200	 126
       4	   8	 174	 156	 215	 133	  39	 183	  65	 114	 113	 223	  69	 159	 201
       4	   8	 163	 153	 211	 128	  35	 188	  75	 113	 118	 225	  58	 154	 211
       4	   8	 169	 152	 217	 138	  39	 195	  47	 101	 139	 229	  53	 178	 181
       4	   8	 161	 147	 218	 132	  40	 195	  59	 105	 128	 230	  53	 165	 207
       4	   8	 154	 146	 213	 126	  37	 194	  77	 112	 119	 225	  61	 158	 218
       4	   8	 166	 152	 214	 134	  35	 192	  58	 106	 129	 224	  60	 187	 182
       4	   8	 183	 159	 216	 149	  48	 186	  37	 101	 146	 225	  63	 191	 148
       4	   8	 208	 167	 214	 170	  74	 166	  33	 112	 134	 204	 137	 226	  89
       4	   8	 207	 168	 210	 171	  67	 169	  31	 114	 141	 197	 112	 201	  50
       4	   8	 176	 152	 221	 146	  50	 192	  36	  99	 145	 229	  69	 196	 154
       4	   8	 168	 148	 222	 139	  46	 194	  42	 101	 133	 230	  61	 179	 185
       4	   8	 170	 150	 220	 139	  42	 192	  45	 103	 127	 227	  69	 187	 181
       4	   8	 167	 151	 215	 137	  41	 193	  55	 103	 142	 230	  52	 179	 184
       4	   8	 182	 160	 214	 144	  42	 185	  41	 103	 140	 227	  52	 172	 166
       4	   8	 176	 155	 218	 144	  43	 192	  38	  99	 143	 227	  66	 194	 157
       4	   8	 158	 145	 217	 131	  39	 196	  59	 105	 127	 228	  51	 166	 210
       4	   8	 157	 145	 217	 131	  39	 196	  59	 105	 127	 227	  51	 166	 210
       4	   8	 166	 142	 224	 143	  55	 193	  39	 101	 128	 224	  93	 212	 161
       4	   8	 169	 142	 227	 142	  56	 195	  35	  98	 139	 233	  78	 202	 167
       4	   8	 165	 140	 226	 141	  57	 198	  36	  93	 136	 227	  80	 202	 173
       4	   8	 159	 137	 227	 138	  56	 202	  38	  93	 136	 227	  81	 204	 181
       4	   8	 143	 128	 228	 133	  61	 203	  44	  99	 143	 226	  84	 205	 198
       4	   8	 143	 123	 231	 131	  68	 204	  40	  96	 136	 229	  90	 206	 195
       4	   8	 191	 122	 238	 153	 132	 155	  59	 132	  48	 181	 207	 115	 185
       4	   8	 174	 140	 231	 145	  65	 189	  33	 102	 124	 228	 106	 216	 155
       4	   8	 181	 144	 230	 151	  67	 187	  31	 103	 128	 223	 121	 224	 132
       4	   8	 179	 146	 227	 148	  60	 188	  33	 102	 128	 226	 100	 214	 146
       4	   8	 180	 145	 228	 148	  62	 187	  32	 102	 125	 226	 103	 214	 146
       4	   8	 202	 139	 232	 164	 109	 161	  46	 122	  87	 195	 198	 189	 118
       4	   8	 239	  76	 176	 158	 193	 113	 121	 133	  60	 164	  63	 150	  41
5	  10	 173	 120	 244	 145	 112	 181	  41	 107	 119	 219	 184	 219	 124
       5	  10	 193	 136	 238	 162	 109	 176	  40	 105	 121	 214	 163	 212	 102
       5	  10	 203	 143	 233	 176	 114	 171	  43	 112	 132	 210	 179	 219	  72
       5	  10	 207	 155	 227	 176	  99	 171	  38	 113	 136	 210	 154	 207	  76
       5	  10	 202	 170	 215	 159	  63	 171	  39	 112	 143	 220	  71	 137	 143
       5	  10	 231	 209	 169	 172	  90	 119	  41	 140	 178	 177	  78	 119	  79
       5	  10	 188	 132	 238	 160	 110	 180	  40	 104	 124	 211	 181	 220	  91
       5	  10	 203	 146	 230	 174	 105	 172	  37	 111	 129	 208	 175	 221	  71
       5	  10	 207	 144	 233	 174	 112	 167	  40	 112	 127	 215	 162	 209	  79
       5	  10	 192	 135	 238	 160	 108	 178	  39	 105	 121	 216	 165	 211	 102
       5	  10	 165	 126	 242	 142	  95	 184	  39	 111	 126	 225	 158	 214	 153
       5	  10	 192	 156	 225	 159	  70	 182	  39	 106	 143	 226	 104	 177	 135
       5	  10	 169	 114	 245	 142	 123	 175	  48	 115	 104	 205	 224	 201	 126
       5	  10	 197	 142	 231	 170	 106	 177	  39	 105	 127	 204	 177	 224	  81
       5	  10	 218	 163	 216	 190	 108	 157	  35	 117	 134	 193	 150	 208	  50
       5	  10	 202	 147	 229	 172	 104	 174	  38	 105	 126	 204	 156	 213	  83
       5	  10	 188	 135	 239	 155	  98	 181	  35	 103	 118	 220	 159	 214	 121
       5	  10	 213	 170	 214	 183	  86	 166	  40	 120	 153	 201	 137	 201	  40
       5	  10	 172	 120	 244	 144	 111	 182	  40	 106	 120	 221	 183	 218	 120
       5	  10	 191	 133	 240	 157	 106	 177	  36	 105	 116	 218	 163	 215	 113
       5	  10	 214	 162	 217	 186	 103	 164	  37	 116	 145	 198	 168	 219	  48
       5	  10	 212	 146	 229	 178	 117	 161	  45	 119	 114	 205	 186	 208	  76
       5	  10	 193	 128	 240	 157	 120	 170	  44	 110	 104	 209	 189	 209	 106
       5	  10	 212	 157	 225	 180	 103	 166	  40	 114	 139	 214	 150	 215	  82
       5	  10	 199	 154	 227	 169	  84	 177	  33	 110	 133	 213	 146	 213	  89
       5	  10	 189	 138	 237	 159	  99	 180	  37	 104	 120	 214	 158	 213	 111
       5	  10	 184	 131	 238	 157	 107	 181	  39	 104	 121	 211	 177	 221	  97
       5	  10	 179	 123	 243	 148	 112	 179	  39	 106	 117	 217	 182	 220	 110
       5	  10	 192	 136	 238	 159	 103	 178	  37	 104	 121	 219	 161	 212	 109
       5	  10	 219	 169	 217	 183	  91	 160	  45	 125	 142	 207	 135	 178	  63
       5	  10	 205	 169	 215	 168	  70	 171	  32	 111	 142	 208	  95	 168	 104
       5	  10	 200	 155	 227	 169	  83	 176	  33	 110	 129	 210	 142	 214	  87
       5	  10	 191	 138	 237	 159	  97	 179	  32	 103	 116	 214	 157	 216	 111
       5	  10	 184	 129	 240	 155	 109	 180	  37	 104	 117	 211	 181	 222	 103
       5	  10	 199	 139	 236	 165	 107	 174	  37	 105	 118	 213	 166	 213	 104
       5	  10	 230	 185	 202	 189	  97	 139	  43	 136	 160	 195	 126	 171	  59
       5	  10	 187	 148	 229	 158	  79	 186	  37	 101	 132	 220	 114	 182	 140
       5	  10	 204	 166	 218	 164	  71	 170	  37	 113	 131	 212	  96	 150	 127
       5	  10	 192	 145	 232	 162	  88	 182	  32	 102	 123	 212	 152	 215	 108
       5	  10	 192	 135	 236	 161	 106	 179	  38	 103	 122	 212	 178	 223	  97
       5	  10	 211	 157	 225	 177	  99	 167	  36	 112	 134	 212	 151	 212	  74
       5	  10	 220	 170	 216	 184	  91	 160	  43	 125	 143	 206	 130	 175	  63
       5	  10	 207	 171	 212	 173	  70	 170	  36	 118	 148	 202	  93	 160	  72
       5	  10	 226	 202	 177	 172	  80	 129	  36	 137	 164	 173	  76	 118	  68
       5	  10	 224	 184	 197	 188	  88	 146	  35	 131	 142	 177	 121	 170	  35
       5	  10	 217	 167	 212	 190	 104	 159	  35	 118	 143	 188	 164	 219	  44
       5	  10	 213	 164	 215	 190	  98	 165	  38	 121	 146	 188	 161	 210	  17
       5	  10	 218	 179	 206	 181	  81	 158	  38	 122	 158	 201	  94	 157	  66
6	  13	 208	   5	  13	 158	  96	 146	  69	 205	 146	 201	 122	 161	 116
       6	  13	 212	   3	  16	 150	  98	 157	  72	 202	 150	 192	 122	 155	 108
       6	  13	 213	   3	  17	 148	  96	 157	  69	 201	 148	 188	 122	 157	 113
       6	  13	 223	   2	  30	 131	 108	 167	  78	 195	 155	 186	 122	 153	 115
       6	  13	 215	   3	  18	 147	  99	 159	  72	 202	 149	 189	 121	 156	 110
       6	  13	 208	   5	  19	 151	  97	 156	  74	 198	 150	 193	 127	 157	 120
       6	  13	 213	   4	  17	 151	 101	 152	  73	 202	 150	 200	 122	 157	 115
       6	  13	 214	   4	  19	 150	 103	 158	  79	 201	 153	 195	 120	 150	 101
       6	  13	 198	   7	  13	 165	  91	 141	  68	 203	 143	 201	 125	 165	 127
       6	  13	 198	   6	   8	 167	  86	 141	  61	 204	 140	 193	 121	 163	 114
       6	  13	 211	   4	  15	 153	  96	 153	  69	 203	 146	 191	 119	 158	 110
       6	  13	 203	   6	  12	 162	  94	 150	  71	 204	 150	 197	 123	 155	 104
       6	  13	 212	   4	  17	 151	 100	 158	  76	 203	 152	 194	 121	 153	 102
       6	  13	 214	   3	  18	 146	  97	 158	  70	 201	 149	 188	 121	 158	 113
       6	  13	 212	   3	  18	 147	  97	 158	  70	 200	 149	 187	 121	 158	 114
       6	  13	 203	   5	  14	 158	  90	 148	  65	 201	 142	 191	 125	 163	 127
       6	  13	 203	   5	  15	 159	  91	 143	  64	 201	 140	 196	 124	 168	 136
       6	  13	 206	   5	  20	 152	  96	 155	  72	 198	 147	 189	 125	 159	 124
       6	  13	 208	   4	  12	 158	  94	 149	  69	 203	 146	 195	 121	 157	 110
       6	  13	 186	  10	   8	 179	  83	 115	  57	 199	 135	 207	 128	 175	 148
       6	  13	 196	   7	  11	 168	  87	 136	  62	 202	 137	 199	 125	 169	 134
       6	  13	 212	   4	  14	 155	  96	 151	  69	 204	 143	 192	 119	 158	 111
       6	  13	 193	   7	   7	 173	  86	 134	  62	 203	 143	 204	 125	 165	 120
       6	  13	 196	   7	   6	 171	  86	 133	  60	 204	 140	 204	 125	 166	 123
       6	  13	 208	   4	  15	 154	  95	 155	  71	 202	 151	 193	 123	 157	 109
       6	  13	 210	   3	  15	 151	  93	 153	  67	 201	 147	 192	 125	 159	 119
       6	  13	 212	   3	  18	 147	  99	 159	  72	 200	 152	 190	 123	 156	 112
       6	  13	 212	   3	  17	 148	  97	 157	  71	 200	 151	 190	 123	 156	 112
       6	  13	 211	   3	  15	 151	  96	 155	  69	 201	 149	 191	 123	 157	 113
       6	  13	 202	   5	  11	 161	  91	 149	  66	 204	 147	 194	 123	 159	 112
       6	  13	 204	   5	  10	 161	  90	 146	  64	 203	 143	 193	 122	 160	 113
       6	  13	 215	   4	  25	 141	 101	 162	  74	 197	 149	 186	 123	 158	 122
       6	  13	 220	   3	  24	 139	 106	 164	  78	 198	 153	 188	 119	 151	 104
       6	  13	 197	   6	   9	 166	  87	 141	  62	 204	 145	 199	 125	 167	 125
       6	  13	 190	   7	   5	 174	  81	 130	  55	 203	 138	 201	 127	 169	 127
       6	  13	 200	   5	  11	 161	  89	 149	  65	 204	 146	 191	 123	 161	 112
       6	  13	 207	   5	  22	 147	  96	 157	  71	 199	 149	 190	 125	 165	 131
       6	  13	 223	   1	  31	 128	 109	 169	  78	 194	 156	 183	 121	 152	 112
       6	  13	 223	   1	  39	 117	 114	 179	  83	 176	 161	 173	 129	 146	 121
       6	  13	 220	   2	  32	 128	 111	 176	  83	 181	 159	 177	 127	 145	 114
       6	  13	 213	   4	  19	 149	 101	 155	  74	 202	 150	 196	 121	 158	 116
       6	  13	 222	   1	  28	 132	 106	 166	  75	 196	 153	 183	 121	 154	 112
       6	  13	 233	   1	  70	  78	 133	 156	  81	 109	 156	 160	 138	 134	 139
       6	  13	 235	   2	  75	  75	 137	 153	  83	 106	 155	 159	 134	 135	 136
       6	  13	 218	   2	  24	 136	 102	 165	  73	 197	 154	 186	 125	 156	 117
       6	  13	 216	   2	  24	 136	 102	 166	  74	 196	 156	 184	 124	 154	 112
       6	  13	 218	   1	  29	 129	 106	 171	  76	 193	 159	 181	 124	 153	 111
       6	  13	 226	   1	  49	 103	 122	 182	  88	 158	 167	 166	 133	 136	 113
       6	  13	 231	   1	  57	  93	 130	 175	  88	 139	 165	 167	 138	 134	 131
       6	  13	 228	   1	  56	  95	 126	 182	  88	 153	 166	 161	 131	 137	 117
       6	  13	 221	   1	  28	 130	 103	 163	  72	 184	 150	 177	 126	 149	 117
       6	  13	 205	   4	  10	 159	  89	 146	  61	 202	 141	 190	 123	 162	 119
       6	  13	 195	   6	   8	 167	  83	 140	  58	 202	 139	 189	 123	 165	 119
       6	  13	 210	   2	  19	 142	  92	 157	  62	 188	 143	 173	 124	 158	 122
       6	  13	 211	   2	  21	 139	  94	 158	  62	 186	 143	 169	 122	 158	 122
       6	  13	 214	   4	  24	 143	 100	 160	  73	 196	 146	 185	 123	 158	 123
       6	  13	 225	   2	  39	 118	 118	 177	  87	 166	 160	 171	 129	 135	 106
       6	  13	 228	   2	  45	 110	 121	 180	  87	 172	 162	 172	 127	 143	 115
       6	  13	 231	   1	  52	 101	 126	 180	  90	 158	 164	 168	 131	 133	 109
       6	  13	 229	   2	  43	 116	 120	 174	  86	 187	 162	 180	 119	 146	 102
       6	  13	 220	   3	  42	 117	 113	 178	  82	 174	 157	 171	 130	 149	 130
       6	  13	 219	   1	  24	 135	 102	 163	  70	 196	 150	 182	 121	 157	 118
       6	  13	 201	   4	  11	 161	  87	 142	  58	 204	 139	 192	 122	 170	 131
       6	  13	 184	   9	   5	 179	  79	 120	  52	 199	 133	 202	 125	 176	 138
       6	  13	 183	   9	   3	 182	  77	 119	  51	 198	 130	 198	 124	 172	 129
       6	  13	 190	   8	   6	 176	  83	 125	  56	 204	 134	 204	 123	 173	 133
 7	  15	 242	   4	  87	  70	 151	 151	  95	 103	 156	 170	 132	 127	 124
       7	  15	 241	   8	 113	  52	 165	 130	  92	  97	 158	 177	 132	 139	 145
       7	  15	 243	   8	 108	  58	 163	 144	  98	  94	 152	 173	 133	 128	 130
       7	  15	 243	   7	  91	  73	 155	 150	  99	 103	 148	 171	 131	 125	 124
       7	  15	 248	   9	  94	  77	 159	 142	 101	 101	 136	 172	 119	 126	 122
       7	  15	 243	  20	 111	  91	 158	 128	  88	 105	  82	 135	  86	 143	 122
       7	  15	 239	   7	  64	 106	 142	 174	 106	 156	 151	 173	 120	 125	  96
       7	  15	 240	  11	  87	  91	 158	 161	 114	 120	 152	 179	 126	 122	 113
       7	  15	 242	  11	  78	 102	 154	 173	 117	 150	 154	 178	 118	 120	  89
       7	  15	 243	   8	  61	 115	 144	 166	 107	 172	 149	 182	 107	 128	  75
       7	  15	 248	  11	  77	 106	 151	 143	 106	 140	 130	 177	 100	 125	  79
       7	  15	 244	  24	 112	 102	 162	 126	  95	 110	  76	 138	  81	 140	 112
       7	  15	 239	   7	  74	  95	 149	 179	 112	 158	 167	 184	 125	 130	 106
       7	  15	 241	  10	  92	  83	 162	 175	 120	 138	 169	 182	 127	 120	  96
       7	  15	 241	   9	  70	 108	 154	 172	 120	 174	 169	 197	 112	 129	  82
       7	  15	 234	   8	  48	 130	 138	 169	 112	 190	 163	 200	 112	 133	  82
       7	  15	 243	  11	  68	 115	 149	 165	 115	 170	 151	 187	 108	 127	  79
       7	  15	 244	  20	  98	 109	 158	 125	 101	 124	  97	 160	  86	 140	 105
       7	  15	 241	  21	 145	  55	 194	 135	 124	  88	 157	 198	 133	 117	 110
       7	  15	 238	  25	 158	  54	 197	 130	 123	  89	 154	 203	 136	 121	 112
       7	  15	 234	  27	 157	  60	 198	 146	 127	 109	 160	 200	 136	 123	 110
       7	  15	 241	  19	 124	  74	 189	 162	 136	 116	 171	 196	 134	 115	 101
       7	  15	 242	  14	  86	 102	 166	 176	 131	 155	 166	 191	 116	 120	  86
       7	  15	 249	  14	  94	  92	 160	 136	  99	 109	 111	 159	 102	 130	 114
       7	  15	 244	  21	 130	  73	 191	 157	 133	 116	 161	 196	 131	 118	 110
       7	  15	 236	  19	 125	  74	 184	 161	 131	 124	 166	 195	 130	 128	 125
       7	  15	 242	  17	 120	  72	 184	 162	 131	 116	 168	 194	 133	 118	 115
       7	  15	 244	  18	 113	  84	 185	 163	 134	 130	 166	 198	 125	 121	 108
       7	  15	 241	  20	  91	 117	 169	 164	 135	 170	 155	 196	 104	 130	  85
       7	  15	 244	  25	  94	 129	 163	 130	 119	 142	 102	 169	  78	 134	  76
 8	  17	  51	  56	 221	  77	 151	 111	  86	 243	 179	 169	 107	  59	  81
       8	  17	  17	  65	 191	 131	 140	 203	 161	 194	 225	 128	 152	  27	 126
       8	  17	  10	  67	 177	 147	 141	 224	 182	 163	 240	 106	 123	  78	 100
       8	  17	  19	  65	 194	 128	 141	 197	 155	 200	 221	 134	 156	  24	 127
       8	  17	  31	  61	 206	 105	 142	 158	 122	 226	 198	 143	 129	  26	 107
       8	  17	 123	  35	 218	  12	 168	  45	  33	 183	 186	 190	  93	 201	  85
       8	  17	  91	  45	 227	  35	 166	  62	  54	 217	 186	 197	 102	 142	  78
       8	  17	  39	  59	 213	  94	 146	 137	 106	 235	 188	 153	 116	  38	  94
       8	  17	  18	  65	 192	 129	 140	 198	 156	 196	 224	 131	 149	  38	 118
       8	  17	  18	  65	 192	 131	 140	 202	 157	 193	 226	 130	 151	  41	 120
       8	  17	  22	  64	 198	 121	 138	 187	 144	 211	 210	 132	 152	   9	 132
       8	  17	  77	  49	 230	  46	 157	  67	  50	 238	 170	 185	  89	 118	  74
       8	  17	 182	  15	 154	  21	 156	  96	  52	 112	 185	 147	 112	 205	 142
       8	  17	 152	  27	 204	   4	 176	  59	  48	 146	 198	 193	 110	 201	 102
       8	  17	  80	  47	 225	  43	 158	  67	  51	 226	 181	 181	  94	 134	  76
       8	  17	  18	  65	 191	 129	 139	 200	 158	 197	 221	 124	 145	  22	 126
       8	  17	  20	  64	 195	 124	 138	 191	 150	 206	 213	 127	 146	  14	 129
       8	  17	  78	  48	 225	  46	 152	  68	  44	 231	 165	 167	  88	 123	  86
       8	  17	 122	  34	 213	  14	 164	  46	  29	 178	 183	 176	  87	 215	  90
       8	  17	 203	   7	 111	  47	 134	 129	  56	 107	 165	 131	 126	 180	 172
       8	  17	 151	  27	 201	   9	 176	  67	  56	 143	 201	 193	 117	 197	 111
       8	  17	  94	  43	 227	  30	 165	  55	  45	 218	 184	 193	  94	 153	  70
       8	  17	  28	  62	 203	 110	 141	 165	 128	 219	 202	 138	 128	  31	 111
       8	  17	  37	  59	 209	  96	 141	 139	 104	 230	 189	 141	 111	  48	  98
       8	  17	 124	  33	 207	  17	 162	  51	  30	 170	 181	 164	  84	 218	  94
       8	  17	 162	  22	 181	  11	 162	  71	  39	 131	 186	 157	 101	 220	 121
       8	  17	 200	   8	 128	  33	 146	 116	  57	 105	 178	 141	 124	 187	 160
       8	  17	  81	  47	 228	  42	 163	  66	  57	 229	 185	 195	  92	 133	  66
       8	  17	  32	  61	 206	 103	 142	 153	 119	 226	 195	 141	 119	  35	 100
       8	  17	  20	  65	 195	 126	 140	 194	 152	 203	 218	 132	 151	  23	 128
       8	  17	  18	  65	 193	 128	 139	 198	 156	 199	 219	 127	 150	  20	 129
       8	  17	  66	  52	 224	  59	 150	  83	  58	 238	 169	 166	  89	 101	  82
       8	  17	 113	  37	 217	  20	 162	  47	  28	 192	 175	 174	  82	 199	  82
       8	  17	 155	  24	 187	  12	 162	  69	  41	 134	 187	 162	 104	 220	 127
       8	  17	  50	  57	 221	  78	 150	 112	  87	 244	 180	 168	 107	  57	  82
       8	  17	  26	  62	 201	 114	 140	 173	 134	 216	 204	 133	 135	  22	 119
       8	  17	  18	  65	 193	 129	 140	 199	 157	 198	 221	 129	 150	  25	 127
       8	  17	  17	  65	 191	 131	 139	 204	 161	 193	 225	 126	 151	  27	 127
       8	  17	  20	  65	 195	 126	 139	 195	 153	 204	 216	 130	 155	  11	 132
       8	  17	  39	  59	 212	  93	 145	 136	 104	 235	 188	 151	 113	  43	  93
       8	  17	  87	  45	 226	  37	 159	  59	  42	 223	 174	 180	  89	 144	  76
       8	  17	  69	  52	 229	  55	 156	  81	  62	 241	 172	 184	  93	  98	  74
       8	  17	  45	  58	 217	  85	 145	 123	  91	 238	 178	 155	 109	  54	  95
       8	  17	  39	  59	 213	  93	 143	 136	 102	 235	 184	 149	 114	  45	  98
       8	  17	  28	  63	 202	 113	 140	 170	 130	 218	 198	 136	 132	  25	 117
       8	  17	  21	  64	 197	 123	 138	 192	 148	 208	 213	 131	 157	   7	 134
       8	  17	  26	  63	 202	 115	 139	 175	 134	 219	 201	 136	 147	   8	 130
       8	  17	  57	  55	 225	  69	 149	  97	  69	 246	 167	 168	  97	  75	  84
       8	  17	  65	  53	 228	  60	 154	  86	  66	 244	 174	 183	  97	  91	  76
       8	  17	  46	  57	 219	  82	 147	 118	  89	 243	 179	 161	 114	  50	  92
       8	  17	  40	  60	 215	  92	 144	 135	 101	 239	 181	 155	 121	  37	 102
       8	  17	  29	  62	 206	 109	 140	 165	 124	 226	 194	 140	 147	   9	 129
       8	  17	  19	  65	 195	 126	 138	 196	 152	 202	 217	 129	 154	  15	 133
       8	  17	  22	  64	 199	 121	 138	 187	 143	 211	 209	 133	 155	   7	 135
  9	  19	 137	  24	  14	 211	  77	  36	  49	 120	 114	 225	 148	 159	 159
       9	  19	 117	  30	  18	 219	  75	  14	  49	  86	 113	 222	 158	 142	 140
       9	  19	 137	  28	  17	 216	  91	  23	  66	 104	 121	 241	 144	 142	 133
       9	  19	 149	  31	  28	 214	 113	  49	  95	 128	 133	 241	 119	 153	 132
       9	  19	 134	  35	  34	 216	 112	  37	  98	  98	 134	 237	 127	 137	 116
       9	  19	 120	  36	  33	 217	 102	  20	  89	  65	 132	 230	 147	 115	 100
       9	  19	 112	  37	  35	 218	 101	  21	  89	  61	 136	 228	 152	 113	  96
       9	  19	 106	  38	  36	 219	  98	  16	  86	  51	 135	 225	 157	 106	  91
       9	  19	  95	  39	  38	 219	  93	  12	  81	  36	 134	 210	 163	  95	  76
       9	  19	  84	  42	  45	 217	  95	  20	  88	  26	 141	 195	 163	  89	  63
       9	  19	 151	  20	   6	 210	  77	  44	  49	 143	 117	 233	 140	 161	 145
       9	  19	 137	  24	  10	 213	  74	  28	  43	 118	 112	 230	 152	 157	 157
       9	  19	 148	  23	  10	 212	  85	  34	  55	 127	 118	 239	 142	 154	 145
       9	  19	 169	  25	  19	 208	 112	  67	  88	 161	 132	 239	 111	 160	 129
       9	  19	 168	  31	  34	 209	 131	  67	 112	 148	 136	 237	  95	 158	 121
       9	  19	 189	  32	  41	 205	 144	  96	 125	 188	 137	 225	  74	 165	 107
       9	  19	 195	  33	  47	 202	 153	 101	 133	 189	 139	 224	  70	 163	 105
       9	  19	 157	  35	  40	 213	 134	  55	 119	 124	 138	 241	  99	 149	 114
       9	  19	 139	  34	  32	 216	 116	  41	 100	 107	 137	 240	 121	 139	 111
       9	  19	 124	  33	  27	 218	  97	  21	  80	  83	 129	 237	 146	 129	 117
       9	  19	 123	  27	  17	 215	  73	  21	  46	  95	 112	 222	 158	 150	 155
       9	  19	 135	  24	  11	 213	  72	  38	  45	 130	 113	 223	 146	 163	 155
       9	  19	 179	  18	  10	 200	  98	  79	  71	 183	 127	 233	 112	 167	 132
       9	  19	 170	  25	  22	 206	 115	  60	  91	 149	 130	 242	 110	 157	 131
       9	  19	 154	  30	  27	 213	 112	  60	  93	 147	 131	 235	 113	 161	 135
       9	  19	 167	  31	  32	 211	 130	  72	 110	 160	 136	 234	  94	 162	 122
       9	  19	 175	  29	  32	 206	 128	  81	 108	 169	 135	 232	  96	 167	 134
       9	  19	 179	  28	  31	 204	 131	  78	 111	 163	 139	 237	  96	 159	 121
       9	  19	 185	  28	  34	 200	 136	  88	 115	 174	 141	 237	  94	 163	 127
       9	  19	 152	  25	  16	 210	  98	  38	  74	 120	 128	 247	 138	 143	 128
       9	  19	 172	  13	   2	 196	  78	  87	  48	 191	 124	 216	 124	 180	 151
       9	  19	 193	  10	   8	 183	  93	 106	  63	 202	 132	 218	 114	 174	 141
       9	  19	 196	  12	   9	 188	  99	 100	  71	 202	 132	 225	 110	 171	 134
       9	  19	 180	  16	   8	 199	  94	  77	  66	 183	 124	 231	 115	 169	 138
       9	  19	 197	  16	  15	 192	 110	  98	  84	 201	 131	 227	  98	 169	 128
       9	  19	 206	  19	  31	 182	 125	 116	 101	 201	 131	 211	  87	 165	 120
       9	  19	 228	  23	  52	 170	 153	 127	 124	 198	 130	 202	  70	 152	  94
       9	  19	 226	  27	  59	 176	 161	 122	 132	 198	 128	 205	  66	 157	 101
       9	  19	 202	  32	  55	 191	 153	 116	 133	 195	 135	 212	  72	 166	 116
       9	  19	 165	  29	  30	 207	 124	  69	 106	 148	 139	 237	 105	 152	 116
       9	  19	 163	  16	   8	 196	  74	  84	  46	 179	 120	 208	 129	 183	 166
       9	  19	 196	  10	   7	 183	  94	 108	  65	 204	 132	 215	 112	 170	 130
       9	  19	 200	  17	  19	 190	 116	 103	  90	 202	 132	 225	  94	 167	 120
       9	  19	 156	  23	  13	 210	  96	  44	  69	 135	 125	 242	 132	 153	 137
       9	  19	 112	  33	  27	 218	  85	  12	  65	  62	 119	 219	 159	 122	 119
       9	  19	 177	  21	  16	 202	 110	  76	  84	 172	 131	 235	 109	 164	 133
       9	  19	 216	  15	  27	 175	 126	 119	  98	 202	 134	 214	  89	 159	 112
       9	  19	 214	  16	  30	 176	 128	 115	  99	 203	 132	 216	  85	 166	 121
       9	  19	 221	  23	  45	 177	 148	 125	 123	 199	 134	 205	  74	 150	  90
       9	  19	 202	  23	  32	 191	 135	 109	 113	 199	 141	 226	  84	 161	 107
       9	  19	 152	  18	   6	 205	  71	  65	  42	 165	 116	 217	 137	 178	 165
       9	  19	 150	  19	   9	 204	  73	  69	  47	 164	 120	 217	 137	 177	 165
       9	  19	 166	  15	   5	 199	  77	  77	  49	 180	 123	 223	 132	 178	 160
       9	  19	 158	  19	   6	 206	  82	  52	  51	 151	 119	 234	 138	 164	 154
       9	  19	 165	  20	  11	 204	  93	  49	  63	 141	 122	 241	 133	 157	 147
       9	  19	 176	  21	  17	 201	 103	  72	  81	 166	 128	 237	 116	 162	 137
       9	  19	 188	  17	  14	 195	 104	  94	  80	 195	 130	 227	 108	 170	 135
       9	  19	 205	  17	  23	 186	 120	 106	  94	 202	 132	 224	  94	 167	 125
       9	  19	 212	  24	  43	 185	 146	 115	 122	 199	 136	 219	  75	 161	 108
       9	  19	 208	  22	  34	 187	 138	 111	 115	 201	 141	 227	  84	 160	 110
       9	  19	 139	  22	   9	 210	  70	  45	  42	 136	 115	 220	 144	 166	 155
       9	  19	 158	  17	   4	 203	  74	  73	  46	 175	 124	 220	 133	 176	 151
       9	  19	 172	  15	   3	 200	  82	  73	  53	 178	 123	 231	 130	 170	 150
       9	  19	 172	  18	   9	 202	  96	  67	  67	 165	 129	 240	 127	 162	 144
       9	  19	 180	  17	   9	 200	  99	  84	  75	 188	 134	 235	 115	 164	 127
       9	  19	 191	  16	  14	 192	 107	  92	  82	 189	 136	 237	 111	 163	 128
       9	  19	 204	  16	  21	 184	 119	 111	  95	 202	 141	 228	  98	 163	 118
       9	  19	 208	  18	  26	 184	 125	 109	 100	 201	 136	 227	  93	 164	 122
       9	  19	 203	  19	  27	 185	 123	 110	  99	 199	 136	 224	  96	 166	 127
       9	  19	 195	  18	  17	 193	 115	 101	  91	 199	 138	 231	 100	 164	 119
10	  21	  20	  60	 129	 180	 110	 200	 138	 103	 166	  18	  50	 211	 141
      10	  21	  23	  59	 127	 178	 106	 198	 129	 107	 158	  13	  47	 218	 150
      10	  21	  26	  58	 127	 175	 105	 199	 124	 112	 154	   7	  44	 224	 155
      10	  21	  27	  57	 131	 170	 106	 203	 123	 114	 156	   2	  41	 225	 155
      10	  21	  29	  56	 122	 177	 102	 192	 119	 109	 150	  12	  48	 222	 159
      10	  21	  26	  58	 120	 183	 105	 185	 128	 100	 159	  29	  57	 208	 144
      10	  21	  16	  62	 137	 174	 113	 213	 142	 110	 171	   7	  42	 216	 140
      10	  21	  15	  62	 143	 168	 117	 219	 147	 113	 180	   7	  42	 211	 132
      10	  21	  18	  61	 140	 168	 114	 215	 139	 113	 172	   4	  41	 215	 140
      10	  21	  20	  60	 136	 171	 111	 211	 135	 113	 166	   3	  41	 219	 145
      10	  21	  22	  59	 130	 176	 108	 204	 132	 109	 161	   8	  44	 220	 149
      10	  21	  22	  59	 130	 176	 108	 203	 131	 109	 161	   8	  44	 220	 149
      10	  21	  19	  61	 135	 174	 111	 209	 136	 111	 165	   5	  41	 219	 145
      10	  21	  17	  61	 140	 169	 114	 215	 140	 113	 172	   4	  40	 216	 140
      10	  21	  15	  63	 145	 166	 119	 220	 149	 113	 184	  10	  43	 207	 128
      10	  21	  14	  63	 148	 164	 122	 221	 153	 115	 191	  15	  45	 200	 122
      10	  21	  19	  61	 144	 163	 117	 214	 140	 115	 178	   7	  42	 211	 135
      10	  21	  27	  57	 127	 173	 104	 199	 121	 113	 152	   4	  42	 226	 158
      10	  21	  33	  55	 128	 167	 103	 199	 115	 116	 150	   1	  42	 228	 162
      10	  21	  22	  59	 137	 167	 111	 210	 131	 114	 165	   2	  40	 220	 147
      10	  21	  18	  61	 144	 164	 117	 216	 141	 114	 177	   6	  42	 211	 135
      10	  21	  23	  59	 141	 163	 114	 211	 133	 115	 171	   4	  41	 216	 142
      10	  21	  27	  58	 129	 172	 106	 203	 124	 114	 156	   4	  42	 223	 154
      10	  21	  14	  64	 138	 176	 128	 229	 179	 107	 216	  50	  66	 181	  94


