
      
       1	   1	 190	 127	 176	 241
       1	   1	 190	 125	 171	 244
       1	   1	 186	 130	 171	 242
       1	   1	 192	 131	 175	 241
       1	   1	 187	 131	 172	 244
       1	   1	 187	 126	 171	 244
       1	   1	 185	 122	 164	 245
       1	   1	 180	 125	 162	 249
       1	   1	 189	  93	 176	 210
       1	   1	 182	  96	 168	 220
       1	   1	 179	  96	 160	 226
       1	   1	 178	  94	 158	 225
       1	   1	 182	  98	 166	 226
       1	   1	 186	  99	 174	 220
       1	   1	 183	  98	 181	 211
       1	   1	 186	  98	 178	 215
       1	   1	 187	  97	 175	 216
       1	   1	 176	 101	 170	 226
       1	   1	 176	  93	 149	 229
       1	   1	 174	  93	 147	 231
       1	   1	 169	 104	 158	 236
       1	   1	 165	 114	 160	 244
       1	   1	 170	 114	 159	 244
       1	   1	 172	 116	 161	 244
       1	   1	 167	 113	 159	 242
       1	   1	 183	  97	 184	 206
       1	   1	 194	  91	 179	 204
       1	   1	 193	  93	 177	 208
       1	   1	 197	  90	 173	 206
       1	   1	 194	  88	 173	 204
       1	   1	 201	  83	 170	 194
       1	   1	 204	  86	 170	 198
       1	   1	 197	  93	 180	 205
       1	   1	 188	 101	 179	 218
       1	   1	 190	  88	 158	 216
       1	   1	 187	  88	 152	 221
       1	   1	 184	  88	 151	 221
       1	   1	 172	  95	 154	 228
       1	   1	 178	  98	 154	 233
       1	   1	 171	  97	 155	 231
       1	   1	 177	 102	 159	 236
       1	   1	 179	 106	 169	 233
       1	   1	 181	  99	 168	 225
       1	   1	 188	  87	 159	 213
       1	   1	 184	  87	 160	 213
       1	   1	 180	  87	 154	 217
       1	   1	 182	  87	 151	 220
       1	   1	 186	  88	 153	 220
       1	   1	 184	  90	 153	 222
       1	   1	 175	  92	 150	 227
       1	   1	 171	  89	 143	 229
       1	   1	 169	  88	 141	 229
       1	   1	 173	  87	 143	 226
       1	   1	 178	  89	 146	 227
       1	   1	 176	  92	 146	 231
       1	   1	 178	  85	 143	 225
       1	   1	 185	  83	 142	 220
       1	   1	 185	  84	 145	 220
       1	   1	 196	  87	 153	 218
       1	   1	 186	  93	 154	 226
       1	   1	 190	  85	 154	 214
       1	   1	 188	  87	 156	 216
       1	   1	 176	  85	 151	 214
       1	   1	 186	  79	 149	 209
       1	   1	 193	  80	 153	 206
       1	   1	 185	  86	 154	 217
       1	   1	 179	  93	 148	 231
       1	   1	 176	  90	 146	 229
       1	   1	 177	  90	 147	 228
       1	   1	 176	  89	 143	 230
       1	   1	 174	  87	 141	 229
       1	   1	 169	  88	 139	 232
       1	   1	 171	  86	 137	 230
       1	   1	 177	  86	 141	 226
       1	   1	 182	  85	 144	 223
       1	   1	 185	  89	 146	 228
       1	   1	 175	 104	 162	 234
       1	   1	 182	 106	 162	 238
       1	   1	 175	 111	 163	 240
       1	   1	 167	 110	 163	 240
       1	   1	 175	 101	 158	 236
       1	   1	 172	 108	 163	 240
       1	   1	 174	 106	 162	 238
       1	   1	 175	 108	 160	 241
       1	   1	 173	 103	 160	 235
       1	   1	 170	  99	 151	 236
       1	   1	 159	 101	 144	 242
       1	   1	 157	  94	 137	 239
       1	   1	 162	  91	 137	 236
       1	   1	 162	  92	 136	 239
       1	   1	 161	  93	 135	 241
       1	   1	 159	  97	 138	 241
       1	   1	 158	 101	 141	 244
       1	   1	 175	 112	 166	 242
       1	   1	 168	 122	 162	 247
       1	   1	 169	 125	 151	 252
       1	   1	 164	 125	 157	 248
       1	   1	 177	 118	 161	 248
       1	   1	 187	 109	 164	 239
       1	   1	 188	  97	 165	 224
       1	   1	 185	  95	 166	 221
       1	   1	 189	  90	 153	 222
       1	   1	 178	  89	 145	 229
       1	   1	 168	  91	 141	 233
       1	   1	 165	  90	 136	 236
       1	   1	 170	  90	 140	 233
       1	   1	 177	  89	 142	 230
       1	   1	 173	  90	 141	 232
       1	   1	 169	  92	 139	 236
       1	   1	 174	  94	 143	 235
       2	   3	 186	  22	 190	   5
       2	   3	 181	  18	 177	   9
       2	   3	 165	  21	 181	   9
       2	   3	 154	  25	 195	   6
       2	   3	 148	  27	 202	   6
       2	   3	 149	  26	 195	   9
       2	   3	 179	  19	 180	   6
       2	   3	 209	  17	 173	  11
       2	   3	 191	  14	 160	  13
       2	   3	 175	  19	 176	  10
       2	   3	 151	  26	 198	   6
       2	   3	 149	  27	 201	   6
       2	   3	 161	  23	 191	   7
       2	   3	 145	  28	 198	  12
       2	   3	 135	  31	 210	   8
       2	   3	 141	  28	 202	   8
       2	   3	 155	  25	 194	   6
       2	   3	 180	  21	 188	   4
       2	   3	 201	  12	 152	  16
       2	   3	 189	  15	 156	  20
       2	   3	 164	  19	 170	  16
       2	   3	 164	  19	 171	  15
       2	   3	 136	  28	 194	  15
       2	   3	 117	  33	 199	  24
       2	   3	 125	  33	 207	  17
       2	   3	 180	  19	 183	   5
       2	   3	 146	  29	 210	   3
       2	   3	 100	  45	 235	  26
       2	   3	  86	  52	 237	  45
       2	   3	 138	  32	 219	   5
       2	   3	 196	  12	 150	  20
       2	   3	 186	  15	 156	  18
       2	   3	 149	  24	 183	  15
       2	   3	 118	  33	 198	  24
       2	   3	 117	  35	 211	  20
       2	   3	 220	   4	 109	  42
       2	   3	 183	  25	 202	   3
       2	   3	 159	  53	 246	  37
       2	   3	 166	  51	 241	  38
       2	   3	 159	  30	 217	   1
       2	   3	 180	  17	 172	  10
       2	   3	 202	  10	 144	  20
       2	   3	 173	  15	 145	  32
       2	   3	 139	  25	 181	  21
       2	   3	 138	  29	 199	  13
       2	   3	 211	  10	 147	  19
       2	   3	 229	  17	 166	  22
       2	   3	 196	  50	 227	  49
       2	   3	 223	  30	 198	  25
       2	   3	 184	  20	 184	   6
       2	   3	 184	  17	 174	   8
       2	   3	 190	  15	 166	  11
       2	   3	 177	  14	 149	  25
       2	   3	 154	  21	 171	  19
       2	   3	 168	  22	 191	   4
       2	   3	 228	   6	 123	  35
       2	   3	 232	  10	 126	  43
       2	   3	 239	  12	 141	  33
       2	   3	 210	   7	 125	  33
       2	   3	 183	  16	 160	  19
       2	   3	 186	  15	 164	  13
       2	   3	 199	  10	 143	  20
       2	   3	 204	   5	 111	  42
       2	   3	 195	   7	 114	  42
       2	   3	 211	   8	 138	  21
       3	   5	 134	 209	  19	  77
       3	   5	  75	 154	  53	 128
       3	   5	  47	 124	  84	 152
       3	   5	  90	 169	  40	 115
       3	   5	 136	 210	  20	  74
       3	   5	 104	 182	  31	 103
       3	   5	  66	 145	  62	 135
       3	   5	  63	 141	  65	 139
       3	   5	  98	 176	  36	 102
       3	   5	 130	 206	  24	  69
       3	   5	 182	 238	  53	  29
       3	   5	 174	 222	  88	  31
       3	   5	 185	 238	  62	  28
       3	   5	 170	 235	  29	  43
       3	   5	 161	 229	  26	  48
       3	   5	 173	 235	  40	  32
       3	   5	 161	 229	  27	  47
       3	   5	 147	 219	  23	  58
      
       3	   5	 175	 229	  67	  29
       3	   5	 165	 217	  84	  31
       3	   5	 180	 234	  64	  26
       3	   5	 183	 232	  76	  29
     
       3	   5	 149	 220	  20	  65
       3	   5	 126	 201	  31	  70
       3	   5	 134	 208	  25	  70
       3	   5	 110	 188	  29	  94
       3	   5	 140	 212	  29	  57
       3	   5	 154	 223	  32	  47
       3	   5	 142	 213	  32	  50
       3	   5	 137	 211	  22	  64
       3	   5	 170	 236	  27	  42
       3	   5	 187	 227	  98	  39
       3	   5	 174	 205	 132	  64
       3	   5	 181	 205	 143	  73
       3	   5	 213	 249	  77	  60
       3	   5	 139	 213	  22	  63
       3	   5	 159	 223	  47	  32
       3	   5	 165	 230	  36	  35
       3	   5	 172	 234	  42	  30
       3	   5	 159	 219	  63	  27
       3	   5	 165	 231	  30	  41
       3	   5	 148	 219	  34	  42
       3	   5	 160	 221	  59	  30
       3	   5	 189	 244	  46	  34
       3	   5	 180	 213	 123	  55
       3	   5	 194	 244	  59	  37
       3	   5	  97	 175	  38	 104
       3	   5	 111	 188	  35	  84
       3	   5	 157	 225	  34	  40
       3	   5	 171	 223	  80	  28
       3	   5	 157	 225	  29	  47
       3	   5	  49	 126	  82	 146
       3	   5	  40	 116	  93	 153
       3	   5	  96	 175	  38	 103
       3	   5	 163	 231	  28	  44
       3	   5	 123	 199	  24	  85
       3	   5	 111	 189	  28	  92
       3	   5	 147	 219	  22	  59
       3	   5	 196	 249	  45	  41
       3	   5	 212	 232	 120	  84
       3	   5	 208	 239	  97	  63
       3	   5	 186	 231	  84	  33
       3	   5	 191	 240	  68	  31
       3	   5	 137	 211	  26	  62
       3	   5	 165	 228	  46	  31
       3	   5	 186	 238	  63	  27
       3	   5	 182	 238	  51	  30
       3	   5	 178	 236	  49	  29
       3	   5	 174	 237	  32	  37
       3	   5	 175	 238	  32	  38
       3	   5	 190	 245	  45	  34
       3	   5	 197	 243	  66	  38
       3	   5	 179	 211	 126	  57
       3	   5	 182	 218	 113	  47
       3	   5	 176	 237	  34	  42
       3	   5	 158	 227	  24	  48
       3	   5	 175	 231	  59	  26
       3	   5	 180	 234	  62	  27
       3	   5	 173	 229	  64	  26
       3	   5	 132	 207	  24	  70
       3	   5	 135	 210	  23	  68
       3	   5	 150	 221	  23	  58
       3	   5	 116	 194	  25	  90
       3	   5	 110	 188	  28	  97
       3	   5	 148	 220	  20	  63
       3	   5	 190	 223	 114	  54
       3	   5	 202	 229	 111	  68
       3	   5	 209	 241	  94	  59
       3	   5	 180	 240	  27	  64
       3	   5	 174	 238	  25	  52
       3	   5	 178	 235	  54	  26
       3	   5	 143	 216	  24	  57
       3	   5	 151	 216	  52	  31
       3	   5	 160	 219	  66	  27
       3	   5	 160	 223	  52	  28
       3	   5	 170	 231	  50	  26
       3	   5	 193	 245	  51	  34
       3	   5	 201	 247	  61	  44
       3	   5	 193	 245	  52	  36
       3	   5	 198	 250	  44	  44
       3	   5	 158	 227	  21	  61
       3	   5	 134	 208	  26	  65
       3	   5	 153	 221	  39	  36
       3	   5	 165	 228	  44	  34
       3	   5	 169	 234	  31	  41
       3	   5	 178	 210	 125	  60
       3	   5	 189	 227	 101	  44
       3	   5	 165	 231	  27	  48
       3	   5	 125	 201	  22	  83
       3	   5	 116	 193	  28	  86
       3	   5	 120	 197	  27	  80
       3	   5	 115	 193	  28	  86
       3	   5	 168	 233	  29	  44
       3	   5	 172	 195	 151	  76
       3	   5	 183	 206	 142	  73
       3	   5	 188	 243	  39	  58
       3	   5	 182	 222	 103	  43
       3	   5	 192	 238	  74	  34
       3	   5	 145	 216	  19	  76
       3	   5	 135	 208	  33	  56
       3	   5	 140	 213	  27	  58
       3	   5	 143	 215	  25	  60
       3	   5	 169	 233	  35	  36
       3	   5	 172	 222	  85	  30
       3	   5	 190	 229	  95	  43
       3	   5	 204	 248	  60	  52
       3	   5	 195	 247	  47	  40
       3	   5	 162	 230	  25	  45
       3	   5	 122	 198	  23	  87
       3	   5	 150	 221	  24	  56
       3	   5	 152	 222	  26	  52
       3	   5	 143	 215	  32	  51
       3	   5	 117	 195	  26	  87
       3	   5	 163	 231	  26	  44
       3	   5	 186	 231	  85	  32
       3	   5	 192	 245	  51	  36
       3	   5	 178	 239	  35	  41
       3	   5	 163	 225	  45	  39
       3	   5	 155	 223	  30	  47
       3	   5	 169	 232	  39	  37
       3	   5	 191	 241	  63	  31
       3	   5	 185	 216	 122	  56
       3	   5	 209	 250	  65	  50
       3	   5	 116	 191	  32	  97
       3	   5	 154	 224	  25	  53
       3	   5	 185	 229	  87	  35
       3	   5	 189	 235	  79	  33
       3	   5	 125	 201	  27	  72
       3	   5	 137	 211	  23	  64
       3	   5	 130	 205	  29	  67
       3	   5	 174	 230	  61	  27
       3	   5	 181	 220	 106	  43
       3	   5	 180	 232	  70	  29
       3	   5	 187	 242	  49	  36
       3	   5	 175	 238	  33	  35
       3	   5	 138	 212	  22	  66
       3	   5	 159	 226	  33	  40
       3	   5	 167	 232	  31	  44
       3	   5	 148	 219	  28	  52
       3	   5	 139	 213	  20	  72
       3	   5	 117	 194	  25	  89
       3	   5	 151	 221	  23	  57
       3	   5	 184	 238	  55	  29
       3	   5	 175	 236	  35	  50
       3	   5	 133	 207	  21	  82
       3	   5	 132	 206	  24	  74
       3	   5	 141	 214	  21	  67
       3	   5	 186	 243	  39	  41
       3	   5	 196	 249	  44	  42
       3	   5	 178	 236	  50	  27
       3	   5	 103	 180	  37	  98
       3	   5	 109	 187	  31	  94
       3	   5	 178	 231	  67	  29
       3	   5	 175	 235	  43	  36
       3	   5	 185	 230	  88	  33
       3	   5	 157	 225	  30	  43
       3	   5	 147	 218	  28	  53
       3	   5	 125	 201	  27	  73
       3	   5	 159	 228	  25	  47
       3	   5	 188	 239	  63	  29
       3	   5	 195	 247	  48	  39
       3	   5	 153	 224	  24	  55
       3	   5	 126	 202	  23	  76
       3	   5	  83	 161	  49	 121
       3	   5	 153	 224	  20	  59
       3	   5	 150	 219	  35	  45
       3	   5	 139	 213	  23	  61
       3	   5	 148	 218	  30	  52
       3	   5	 130	 205	  25	  74
       3	   5	 183	 241	  43	  35
       3	   5	 168	 205	 124	  55
       3	   5	 180	 238	  47	  29
       3	   5	 125	 201	  25	  79
       3	   5	  89	 168	  43	 112
       3	   5	 139	 213	  18	  78
       3	   5	 192	 242	  60	  38
       3	   5	 185	 242	  44	  34
       3	   5	 156	 226	  21	  57
       3	   5	 131	 205	  22	  87
       3	   5	  96	 174	  40	 111
       3	   5	 148	 217	  34	  50
       3	   5	 134	 208	  23	  79
       3	   5	 124	 200	  23	  86
       3	   5	 170	 221	  83	  28
       3	   5	 165	 224	  61	  25
       3	   5	 154	 222	  38	  37
       3	   5	 138	 212	  22	  64
       3	   5	 179	 240	  35	  38
       3	   5	 193	 231	  97	  42
       3	   5	 163	 231	  26	  45
       3	   5	 107	 185	  29	  97
       3	   5	  54	 131	  77	 147
       3	   5	 101	 177	  38	 117
       3	   5	 194	 239	  72	  42
       3	   5	 151	 221	  22	  68
       3	   5	 165	 221	  72	  30
       3	   5	 172	 229	  60	  28
       3	   5	 163	 230	  27	  45
       3	   5	 177	 237	  40	  39
       3	   5	 196	 246	  56	  35
       3	   5	 176	 215	 109	  45
       3	   5	 195	 231	 100	  46
       3	   5	 179	 241	  32	  38
       3	   5	 154	 224	  22	  58
       3	   5	 132	 207	  24	  73
       3	   5	 148	 220	  22	  60
       3	   5	 125	 201	  25	  82
       3	   5	  84	 162	  50	 119
       3	   5	 181	 242	  33	  41
       3	   5	 167	 221	  75	  32
       3	   5	 127	 203	  25	  76
       4	   7	 179	 156	 218	 144
       4	   7	 173	 151	 222	 142
       4	   7	 183	 148	 228	 149
       4	   7	 164	 142	 226	 141
       4	   7	 153	 137	 223	 131
       4	   7	 163	 148	 218	 135
       4	   7	 181	 156	 220	 144
       4	   7	 175	 147	 226	 145
       4	   7	 164	 131	 236	 138
       4	   7	 160	 135	 231	 136
       4	   7	 157	 141	 223	 131
       4	   7	 153	 144	 216	 126
      
       4	   7	 157	 142	 222	 132
       4	   7	 163	 147	 218	 132
       4	   7	 167	 142	 227	 140
       4	   7	 188	 143	 233	 155
       4	   7	 203	 145	 231	 164
       4	   7	 194	 153	 226	 160
       4	   7	 191	 158	 221	 154
       4	   7	 171	 150	 221	 141
       4	   7	 172	 149	 222	 141
       4	   7	 154	 142	 218	 131
       4	   7	 161	 145	 220	 133
       4	   7	 174	 149	 223	 145
       4	   7	 196	 147	 231	 161
       4	   7	 185	 149	 227	 154
       4	   7	 180	 148	 227	 148
       4	   7	 170	 142	 228	 141
       4	   7	 157	 137	 228	 135
       4	   7	 144	 133	 223	 128
       4	   7	 146	 134	 224	 129
       4	   7	 145	 132	 226	 130
       4	   7	 151	 134	 226	 132
       4	   7	 156	 135	 229	 136
       4	   7	 160	 140	 226	 138
       4	   7	 173	 147	 225	 144
       4	   7	 192	 153	 226	 155
       4	   7	 157	 143	 220	 131
       4	   7	 145	 142	 212	 123
       4	   7	 136	 137	 212	 122
       4	   7	 139	 130	 222	 125
       4	   7	 157	 136	 227	 138
       4	   7	 195	 139	 234	 159
       4	   7	 201	 134	 234	 162
       4	   7	 191	 124	 239	 148
       4	   7	 184	 119	 244	 139
       4	   7	 160	 119	 242	 132
       4	   7	 142	 124	 231	 129
       4	   7	 131	 123	 225	 126
       4	   7	 125	 116	 227	 126
       4	   7	 131	 108	 238	 121
       4	   7	 137	 112	 238	 124
       4	   7	 134	 119	 230	 127
       4	   7	 143	 126	 229	 132
       4	   7	 177	 135	 235	 148
       4	   7	 154	 150	 208	 124
       4	   7	 144	 148	 204	 120
       4	   7	 136	 133	 216	 125
       4	   7	 140	 127	 226	 126
       4	   7	 133	 129	 218	 124
       4	   7	 135	 129	 220	 124
       4	   7	 114	 117	 219	 124
       4	   7	 114	 111	 225	 121
       4	   7	 117	 110	 228	 120
       4	   7	 134	 120	 231	 126
       4	   7	 133	 130	 218	 123
       4	   7	 140	 137	 215	 124
       4	   7	 128	 127	 218	 124
       4	   7	 120	 113	 228	 122
       4	   7	 115	 115	 221	 121
       4	   7	 121	 121	 219	 124
       4	   7	 121	 121	 218	 122
       4	   7	 129	 127	 218	 124
       5	   9	 178	 111	 246	 141
       5	   9	 182	  96	 244	 133
       5	   9	 191	 109	 241	 144
       5	   9	 187	 107	 247	 134
       5	   9	 171	 101	 247	 130
       5	   9	 173	  97	 247	 130
       5	   9	 179	 101	 244	 139
       5	   9	 197	 120	 241	 152
       5	   9	 207	 139	 232	 176
       5	   9	 180	 109	 246	 141
       5	   9	 181	  96	 247	 125
       5	   9	 189	 106	 246	 135
       5	   9	 190	 111	 244	 144
       5	   9	 190	 106	 241	 147
       5	   9	 188	  96	 242	 135
       5	   9	 180	  91	 245	 123
       5	   9	 177	  95	 250	 120
     
       5	   9	 181	 101	 249	 127
       5	   9	 174	 105	 246	 137
       5	   9	 172	  94	 249	 122
       5	   9	 155	  91	 250	 118
       5	   9	 175	 102	 249	 129
       5	   9	 178	 116	 242	 146
       5	   9	 180	 100	 248	 128
       5	   9	 164	  96	 247	 128
       5	   9	 168	  98	 249	 123
       5	   9	 168	  98	 251	 119
       5	   9	 161	  94	 252	 113
       5	   9	 167	  90	 251	 111
       5	   9	 161	  92	 249	 120
       5	   9	 174	 105	 248	 131
       5	   9	 177	 128	 241	 149
       5	   9	 187	  91	 241	 127
       5	   9	 162	  79	 251	  96
       5	   9	 145	  85	 253	 104
       5	   9	 155	  83	 253	 101
       5	   9	 149	  89	 250	 115
       5	   9	 173	  88	 249	 115
       5	   9	 179	  93	 244	 128
       5	   9	 195	 125	 238	 161
       5	   9	 216	 164	 218	 183
       5	  10	 189	 146	 229	 166
       5	  10	 179	 134	 239	 151
       5	  10	 175	 131	 242	 144
       5	  10	 203	 152	 230	 170
       5	  10	 206	 131	 232	 175
       5	  10	 211	 152	 224	 187
       5	  10	 197	 119	 241	 154
       5	  10	 163	 111	 248	 132
       5	  10	 166	 123	 242	 143
       5	  10	 183	 140	 235	 157
       5	  10	 186	 130	 240	 156
       5	  10	 179	 116	 247	 141
       5	  10	 180	 122	 243	 150
       5	  10	 199	 145	 231	 172
       5	  10	 166	 137	 232	 145
       5	  10	 177	 126	 243	 147
       5	  10	 184	 129	 242	 154
       5	  10	 187	 128	 238	 161
       5	  10	 186	 113	 234	 154
       5	  10	 196	 157	 223	 167
       5	  10	 191	 141	 236	 158
       5	  10	 181	 130	 241	 152
       5	  10	 202	 151	 230	 172
       5	  10	 224	 181	 202	 195
       5	  10	 230	 203	 170	 193
       5	  10	 180	 135	 238	 154
       5	  10	 165	 121	 245	 140
       5	  10	 184	 141	 236	 150
       5	  10	 205	 167	 218	 168
       5	  10	 211	 168	 218	 171
       5	  10	 203	 154	 226	 175
       5	  10	 193	 146	 234	 163
       5	  10	 188	 145	 234	 154
       5	  10	 207	 157	 227	 172
       5	  10	 221	 171	 212	 194
       5	  10	 213	 185	 195	 178
       5	  10	 191	 156	 226	 155
       5	  10	 196	 158	 224	 164
       5	  10	 219	 172	 213	 185
       5	  10	 234	 205	 171	 193
       6	  12	 234	   5	  42	 126
       6	  12	 235	   3	  44	 118
       6	  12	 231	   3	  37	 125
       6	  12	 231	   3	  41	 120
       6	  12	 233	   3	  45	 117
       6	  12	 225	   3	  32	 132
       6	  12	 218	   3	  22	 142
       6	  12	 218	   3	  22	 143
       6	  12	 222	   2	  25	 138
       6	  12	 225	   3	  31	 132
       6	  12	 227	   2	  35	 125
    
       6	  12	 181	  11	   4	 184
       6	  12	 186	  10	   3	 185
       6	  12	 238	  11	  65	 119
       6	  12	 232	   8	  46	 130
       6	  12	 228	   7	  41	 134
       6	  12	 222	   5	  25	 146
       6	  12	 213	   4	  14	 155
       6	  12	 209	   4	  12	 158
       6	  12	 209	   5	  15	 156
       6	  12	 212	   4	  19	 151
       6	  12	 216	   3	  18	 147
       6	  12	 221	   2	  24	 139
       6	  12	 219	   3	  29	 136
       6	  12	 216	   2	  20	 143
       6	  12	 206	   4	  11	 158
       6	  12	 205	   4	  10	 160
       6	  12	 207	   5	  17	 153
       6	  12	 220	   3	  22	 142
       6	  12	 215	   3	  17	 149
       6	  12	 202	   6	   7	 167
      
       6	  12	 219	   2	  23	 139
       6	  12	 231	   1	  44	 111
       6	  12	 229	   0	  55	  94
       6	  12	 224	   1	  42	 111
       6	  12	 198	   5	   7	 167
       6	  12	 132	  24	   9	 214
       6	  12	  96	  35	  31	 219
       6	  12	 210	   5	  11	 164
       6	  12	 220	   3	  20	 146
       6	  12	 226	   3	  31	 133
       6	  12	 223	   4	  25	 142
       6	  12	 221	   2	  23	 140
       6	  12	 212	   3	  16	 149
       6	  12	 208	   4	  18	 150
       6	  12	 216	   2	  29	 130
       6	  12	 218	   1	  33	 123
       6	  12	 221	   1	  38	 115
       6	  12	 219	   1	  28	 130
       6	  12	 210	   3	  17	 148
       6	  12	 197	   6	  13	 162
       6	  12	 204	   4	  11	 159
       6	  12	 214	   2	  18	 145
       6	  12	 220	   1	  33	 123
       6	  12	 217	   1	  34	 121
       6	  12	 201	   3	  13	 154
       6	  12	 176	  10	   3	 186
       6	  12	 146	  20	   7	 209
       6	  12	 206	   9	  28	 155
       6	  12	 219	   3	  20	 145
       6	  12	 218	   2	  18	 146
       6	  12	 216	   3	  17	 150
       6	  12	 215	   3	  14	 154
       6	  12	 201	   5	  13	 160
       6	  12	 191	   6	   7	 170
       6	  12	 189	   7	  11	 167
       6	  12	 199	   5	  16	 155
       6	  12	 207	   3	  15	 150
       6	  12	 207	   4	  26	 140
       6	  12	 215	   1	  26	 133
       6	  12	 209	   2	  17	 147
       6	  12	 200	   5	  14	 158
       6	  12	 205	   4	  15	 155
       6	  12	 209	   3	  13	 154
       6	  12	 215	   2	  19	 144
       6	  12	 215	   2	  22	 139
       6	  12	 193	   5	  10	 163
       6	  12	 175	  10	   4	 183
       6	  12	 159	  16	   4	 200
       6	  12	 144	  21	   6	 211
       6	  12	 208	   5	  15	 156
       6	  12	 208	   4	  17	 152
       6	  12	 210	   3	  13	 155
       6	  12	 207	   4	  14	 157
       6	  12	 202	   5	  12	 160
       6	  12	 194	   6	   8	 169
       6	  12	 194	   6	   9	 168
       6	  12	 203	   4	  14	 157
       6	  12	 220	   1	  24	 135
       6	  12	 221	   2	  33	 127
       6	  12	 224	   1	  32	 125
       6	  12	 214	   3	  23	 142
       6	  12	 211	   3	  19	 147
       6	  12	 220	   2	  23	 138
       6	  12	 222	   2	  27	 133
       6	  12	 219	   2	  23	 139
       6	  12	 217	   2	  22	 139
       6	  12	 208	   3	  14	 152
       6	  12	 200	   5	   9	 163
       6	  12	 190	   8	   3	 179
       6	  12	 180	  11	   2	 191
       6	  12	 197	   7	  12	 165
       6	  12	 200	   5	  16	 155
       6	  12	 202	   4	  12	 158
       6	  12	 200	   5	  14	 160
       6	  12	 203	   4	  10	 161
       6	  12	 198	   6	  10	 167
       6	  12	 197	   7	   9	 169
       6	  12	 208	   4	  11	 158
       6	  12	 229	   1	  34	 123
       6	  12	 230	   1	  48	 106
       6	  12	 231	   2	  41	 117
       6	  12	 218	   4	  29	 137
       6	  12	 222	   2	  26	 136
       6	  12	 223	   3	  44	 114
       6	  12	 231	   2	  43	 114
       6	  12	 222	   2	  26	 135
       6	  12	 219	   3	  22	 141
       6	  12	 220	   3	  24	 138
       6	  12	 220	   3	  24	 140
       6	  12	 215	   3	  16	 151
       6	  12	 208	   6	  17	 157
       6	  12	 213	   6	  14	 162
       6	  12	 215	   5	  17	 155
       6	  12	 224	   3	  24	 140
       6	  12	 220	   2	  22	 141
       6	  12	 206	   4	   9	 163
       6	  12	 184	  11	   3	 188
       6	  12	 192	   9	   3	 182
       6	  12	 207	   4	  10	 162
       6	  12	 208	   5	  15	 159
       6	  12	 200	   7	   6	 172
       6	  12	 176	  13	   6	 192
       6	  12	 176	  13	   1	 196
       6	  12	 192	   9	   8	 177
       6	  12	 209	   5	  17	 155
       6	  12	 220	   3	  22	 142
       6	  12	 209	   5	  15	 158
       6	  12	 204	   6	   9	 168
       6	  12	 210	   6	  12	 162
       6	  12	 203	   6	   9	 167
       6	  12	 183	  10	   2	 187
       6	  12	 165	  16	   4	 201
       6	  12	 236	   9	  50	 130
       6	  12	 242	  10	  51	 134
       6	  12	 239	  13	  62	 129
       6	  12	 245	  13	  67	 122
       6	  12	 239	  10	  47	 138
       6	  12	 222	   9	  25	 160
       6	  12	 220	  10	  22	 167
       6	  12	 218	   8	  20	 162
       6	  12	 215	   9	  17	 169
       6	  12	 210	  12	  16	 177
       6	  12	 212	  13	  20	 178
       6	  12	 231	  12	  40	 150
       6	  12	 239	   9	  50	 129
       6	  12	 221	  12	  32	 160
       6	  12	 239	  11	  47	 138
       6	  12	 230	  11	  37	 150
       6	  12	 213	  12	  20	 172
       6	  12	 219	   9	  20	 163
       6	  12	 224	   8	  24	 157
       6	  12	 225	   7	  25	 155
       6	  12	 208	  11	  13	 177
       7	  14	 238	   8	 110	  56
       7	  14	 239	   7	 102	  61
       7	  14	 240	   7	  92	  71
       7	  14	 234	   7	  80	  85
       7	  14	 240	   4	  71	  90
       7	  14	 236	   5	  49	 119
       7	  14	 232	   6	  39	 133
       7	  14	 227	   9	  35	 145
       7	  14	 235	   5	  44	 126
       7	  14	 237	   2	  69	  84
       7	  14	 233	   3	  92	  59
       7	  14	 234	   2	  75	  76
       7	  14	 223	   3	  26	 139
       7	  14	 204	   8	  10	 172
       7	  14	 238	  17	 153	  34
       7	  14	 227	  23	 180	  24
       7	  14	 227	  26	 186	  25
       7	  14	 246	  18	 144	  48
       7	  14	 249	  18	 132	  61
       
       7	  14	 232	   9	  45	 134
       7	  14	 221	   8	  28	 153
       7	  14	 228	   7	  32	 145
       7	  14	 233	   8	  41	 139
       7	  14	 230	   8	  43	 135
       7	  14	 234	   6	  40	 130
       7	  14	 230	   7	  42	 132
       7	  14	 233	   9	  41	 139
       7	  14	 227	   7	  32	 145
       7	  14	 228	   6	  36	 138
       7	  14	 239	  12	 118	  59
       7	  14	 243	  11	  91	  88
       7	  14	 240	  11	 107	  66
       7	  14	 242	  10	 105	  66
       7	  14	 241	  11	 100	  78
       7	  14	 240	  10	  80	 100
       7	  14	 237	   8	  57	 119
       7	  14	 231	   8	  49	 130
       7	  14	 233	   7	  51	 123
       7	  14	 234	   6	  46	 125
       7	  14	 231	   7	  43	 132
       7	  14	 222	  10	  41	 144
       7	  14	 229	   7	  42	 133
       7	  14	 234	   6	  50	 120
       7	  14	 234	  19	 148	  47
       7	  14	 239	  16	 131	  56
       7	  14	 237	  16	 137	  50
       7	  14	 231	  15	 151	  30
       7	  14	 232	  15	 141	  41
       7	  14	 242	  16	 127	  61
       7	  14	 244	  17	 114	  78
       7	  14	 243	  19	 111	  91
       7	  14	 235	  17	 123	  69
       7	  14	 237	  14	 118	  64
       7	  14	 241	  11	 118	  57
       7	  14	 242	  12	 108	  68
       7	  14	 244	  13	 108	  72
       7	  14	 244	  16	 119	  71
       7	  14	 235	  14	 116	  64
       7	  14	 233	  15	 133	  51
       7	  14	 202	  26	 193	  18
       7	  14	 192	  26	 200	  10
       7	  14	 238	  10	 117	  54
       7	  14	 234	  14	 100	  84
       7	  14	 238	  15	 110	  79
       7	  14	 239	  14	 100	  86
       7	  14	 243	  12	  98	  82
       7	  14	 241	  12	  99	  82
       7	  14	 241	  12	 100	  81
       7	  14	 242	  14	  95	  95
       7	  14	 242	  17	 119	  74
       7	  14	 239	  20	 137	  61
       8	  16	 204	   8	 115	  45
       8	  16	 198	  11	 136	  30
       8	  16	 181	  20	 182	   9
       8	  16	 115	  39	 228	  16
       8	  16	  63	  53	 224	  63
       8	  16	  24	  63	 200	 117
       8	  16	  13	  66	 185	 139
       8	  16	  14	  66	 185	 139
       8	  16	 207	   7	 107	  51
       8	  16	 201	   8	 123	  39
      
       8	  16	 152	  27	 198	  12
       8	  16	  66	  53	 230	  58
       8	  16	  17	  65	 190	 132
       8	  16	  17	  66	 190	 133
       8	  16	  15	  66	 188	 135
       8	  16	  18	  65	 193	 129
       8	  16	 155	  29	 211	   6
       8	  16	 140	  31	 211	   8
       8	  16	 127	  34	 219	  12
       8	  16	  39	  59	 212	  93
       8	  16	  12	  66	 182	 141
       8	  16	   9	  67	 175	 149
       8	  16	  16	  66	 189	 134
       8	  16	  18	  65	 193	 129
       8	  16	 197	  14	 152	  23
       8	  16	 200	  14	 157	  19
       8	  16	 139	  31	 213	   8
       8	  16	  38	  60	 212	  95
       8	  16	  16	  66	 188	 135
       8	  16	  15	  66	 188	 136
       8	  16	  26	  62	 202	 113
       8	  16	  86	  46	 228	  39
       8	  16	 212	   6	 111	  46
       8	  16	 219	   2	  77	  73
       8	  16	 203	   9	 133	  28
       8	  16	 116	  37	 221	  16
       8	  16	  43	  57	 213	  87
       8	  16	  33	  61	 208	 102
       8	  16	 101	  40	 218	  27
       8	  16	 202	   7	 112	  46
       8	  16	 206	  10	 136	  28
       8	  16	 221	   2	  84	  65
       8	  16	 212	   4	  91	  61
       8	  16	 211	   4	 109	  42
       8	  16	 163	  19	 170	  16
       8	  16	  90	  43	 221	  35
       8	  16	 108	  38	 217	  22
       8	  16	 201	   5	 102	  52
       8	  16	 201	  11	 144	  24
       8	  16	 219	   5	 111	  44
       8	  16	 218	   4	 105	  46
       8	  16	 205	   7	 113	  45
       8	  16	 200	   8	 124	  38
       8	  16	 111	  37	 218	  19
       8	  16	  80	  48	 227	  45
       8	  16	 166	  20	 180	   9
       8	  16	 168	  24	 195	   6
       8	  16	 171	  22	 188	   8
       8	  16	 182	  18	 178	   9
       8	  16	 153	  25	 198	   6
       8	  16	 148	  26	 197	   7
       8	  16	  91	  44	 226	  34
       8	  16	  48	  57	 218	  80
       8	  16	 123	  34	 213	  14
       8	  16	 115	  40	 231	  16
       8	  16	 117	  38	 225	  15
       8	  16	 105	  40	 219	  26
       8	  16	  78	  48	 224	  46
       8	  16	  74	  49	 226	  50
       8	  16	  42	  58	 213	  88
       8	  16	  38	  59	 212	  94
       8	  16	 105	  40	 224	  22
       8	  16	  76	  51	 232	  49
       8	  16	  72	  51	 231	  51
       8	  16	  57	  54	 222	  69
       8	  16	  23	  63	 197	 119
       8	  16	  17	  65	 191	 131
       8	  16	  18	  65	 193	 128
       8	  16	  32	  61	 207	 104
       8	  16	 117	  36	 218	  18
       9	  18	  87	  41	  42	 220
       9	  18	 117	  35	  30	 219
       9	  18	 114	  36	  31	 219
       9	  18	 115	  37	  35	 218
       9	  18	 143	  31	  26	 217
       9	  18	 174	  28	  29	 206
       9	  18	 150	  34	  36	 215
       9	  18	 126	  38	  39	 219
       9	  18	 122	  40	  43	 219
       9	  18	 105	  45	  53	 220
       9	  18	  92	  49	  62	 217
       9	  18	  97	  49	  63	 218
       9	  18	 114	  48	  61	 220
       9	  18	 113	  45	  54	 218
       9	  18	 119	  40	  42	 219
       9	  18	 125	  40	  43	 218
       9	  18	 160	  37	  42	 216
       9	  18	 154	  42	  52	 217
       9	  18	 136	  39	  41	 218
       9	  18	  69	  46	  55	 215
       9	  18	  97	  40	  41	 218
       9	  18	 110	  38	  36	 219
      
       9	  18	  91	  38	  36	 218
       9	  18	 113	  31	  22	 217
       9	  18	 117	  30	  22	 215
       9	  18	 129	  26	  16	 214
       9	  18	 126	  28	  16	 216
       9	  18	 128	  28	  17	 216
       9	  18	 132	  28	  18	 215
       9	  18	 150	  25	  15	 211
       9	  18	 166	  23	  17	 205
       9	  18	 142	  32	  30	 213
       9	  18	 146	  32	  31	 214
       9	  18	 177	  26	  26	 204
       9	  18	 196	  21	  24	 195
       9	  18	 173	  22	  14	 206
       9	  18	  41	  54	  84	 205
       9	  18	  34	  57	  95	 200
       9	  18	  45	  53	  80	 206
       9	  18	  57	  49	  66	 211
       9	  18	  54	  50	  70	 210
       9	  18	  48	  52	  76	 208
       9	  18	  53	  50	  70	 210
       9	  18	  52	  50	  72	 209
       9	  18	  64	  46	  58	 214
       9	  18	  71	  44	  53	 215
       9	  18	  69	  45	  54	 214
       9	  18	  65	  46	  58	 214
       9	  18	  67	  46	  55	 215
       9	  18	  68	  46	  55	 215
       9	  18	  63	  49	  64	 212
       9	  18	  69	  47	  59	 214
       9	  18	  76	  45	  52	 216
       9	  18	  93	  38	  35	 220
       9	  18	  87	  39	  38	 218
       9	  18	  57	  49	  66	 212
       9	  18	  59	  48	  63	 212
       9	  18	  57	  49	  66	 211
       9	  18	  57	  49	  67	 211
       9	  18	  55	  50	  68	 211
       9	  18	  54	  50	  69	 211
       9	  18	  52	  51	  72	 209
       9	  18	  44	  53	  81	 205
       9	  18	  41	  54	  84	 205
       9	  18	  38	  55	  88	 203
       9	  18	  53	  50	  71	 210
       9	  18	  49	  52	  76	 208
       9	  18	  38	  56	  89	 203
       9	  18	  45	  53	  80	 206
       9	  18	  66	  48	  62	 214
       9	  18	  82	  45	  51	 218
       9	  18	  72	  46	  54	 216
       9	  18	  58	  49	  64	 212
       9	  18	  51	  51	  72	 210
       9	  18	 135	  29	  19	 216
       9	  18	 135	  28	  19	 215
       9	  18	 100	  38	  33	 220
       9	  18	  72	  45	  54	 216
       9	  18	  49	  52	  75	 208
       9	  18	  44	  53	  81	 206
       9	  18	  58	  49	  64	 212
       9	  18	  63	  47	  60	 213
       9	  18	  45	  53	  79	 207
       9	  18	  25	  60	 108	 194
       9	  18	  29	  59	 101	 198
       9	  18	  45	  53	  79	 207
       9	  18	  38	  55	  88	 203
       9	  18	  39	  55	  88	 203
       9	  18	  59	  50	  66	 212
       9	  18	  72	  47	  57	 215
       9	  18	  65	  47	  59	 215
       9	  18	  58	  49	  64	 212
       9	  18	  57	  49	  65	 212
       9	  18	 200	  19	  22	 191
       9	  18	 194	  23	  28	 195
       9	  18	 138	  31	  25	 216
       9	  18	 110	  36	  30	 219
       9	  18	  96	  38	  33	 220
       9	  18	  73	  44	  50	 216
       9	  18	  84	  40	  40	 219
       9	  18	 101	  36	  30	 219
       9	  18	  91	  38	  35	 220
       9	  18	  75	  43	  47	 217
       9	  18	  77	  42	  45	 218
       9	  18	  85	  39	  39	 218
       9	  18	  95	  36	  32	 218
       9	  18	 129	  26	  12	 217
       9	  18	 125	  31	  21	 217
       9	  18	 101	  40	  40	 220
       9	  18	 101	  39	  37	 220
       9	  18	 104	  37	  33	 219
       9	  18	 102	  36	  30	 219
       9	  18	 164	  19	   9	 204
       9	  18	 160	  22	  10	 209
       9	  18	 141	  30	  21	 216
       9	  18	 116	  34	  28	 218
       9	  18	 103	  36	  31	 219
       9	  18	  77	  43	  47	 217
       9	  18	  65	  46	  58	 213
       9	  18	  78	  42	  46	 217
       9	  18	  96	  37	  33	 219
       9	  18	  71	  44	  53	 214
       9	  18	  60	  48	  62	 213
       9	  18	  61	  48	  63	 212
       9	  18	  52	  51	  72	 209
       9	  18	  73	  44	  50	 217
       9	  18	  92	  41	  41	 219
       9	  18	  89	  45	  51	 218
       9	  18	  86	  45	  52	 218
       9	  18	  98	  41	  41	 220
       9	  18	 111	  36	  32	 217
      10	  20	  62	  45	  64	 209
      10	  20	  34	  56	  95	 200
      10	  20	  30	  57	 102	 197
      10	  20	  23	  60	 112	 193
      10	  20	  39	  54	  93	 200
      10	  20	  52	  48	  99	 180
      10	  20	  68	  42	 108	 154
      10	  20	  68	  42	  73	 194
      10	  20	  32	  56	 100	 197
      10	  20	  17	  63	 120	 189
      10	  20	  38	  54	  95	 198
      10	  20	  40	  52	 113	 176
      10	  20	  12	  64	 148	 165
      10	  20	  18	  62	 156	 151
      10	  20	  16	  62	 157	 152
      10	  20	  37	  54	 139	 150
      10	  20	  47	  50	 115	 166
      10	  20	  37	  54	 126	 165
      10	  20	  20	  60	 141	 165
      10	  20	  15	  63	 149	 161
      10	  20	  13	  64	 152	 161
      10	  20	  13	  63	 148	 164
      10	  20	  16	  62	 146	 164
      10	  20	  42	  53	 148	 136
      10	  20	  25	  58	 131	 171
      10	  20	  23	  59	 137	 167
      10	  20	  25	  58	 137	 163
      10	  20	  21	  60	 140	 165
      10	  20	  22	  59	 141	 163
      10	  20	  86	  39	 134	 112
      10	  20	  29	  56	 122	 177
      10	  20	  28	  57	 127	 174
      10	  20	  27	  57	 130	 170
      10	  20	  24	  58	 134	 168
    